9 25 51 61 94 102 138 148 177 182 218 238 243 273 289 310 320 342 374 382 400 427 
10 26 52 62 95 103 139 149 178 183 219 239 244 274 290 311 321 343 375 383 401 428 
11 27 53 63 96 104 120 150 179 184 200 220 245 275 291 312 322 344 376 384 402 429 
12 28 54 64 97 105 121 151 160 185 201 221 246 276 292 313 323 345 377 385 403 430 
13 29 55 65 98 106 122 152 161 186 202 222 247 277 293 314 324 346 378 386 404 431 
14 30 56 66 99 107 123 153 162 187 203 223 248 278 294 315 325 347 379 387 405 432 
15 31 57 67 80 108 124 154 163 188 204 224 249 279 295 316 326 348 360 388 406 433 
16 32 58 68 81 109 125 155 164 189 205 225 250 260 296 317 327 349 361 389 407 434 
17 33 59 69 82 110 126 156 165 190 206 226 251 261 297 318 328 350 362 390 408 435 
18 34 40 70 83 111 127 157 166 191 207 227 252 262 298 319 329 351 363 391 409 436 
19 35 41 71 84 112 128 158 167 192 208 228 253 263 299 300 330 352 364 392 410 437 
0 36 42 72 85 113 129 159 168 193 209 229 254 264 280 301 331 353 365 393 411 438 
1 37 43 73 86 114 130 140 169 194 210 230 255 265 281 302 332 354 366 394 412 439 
2 38 44 74 87 115 131 141 170 195 211 231 256 266 282 303 333 355 367 395 413 420 
3 39 45 75 88 116 132 142 171 196 212 232 257 267 283 304 334 356 368 396 414 421 
4 20 46 76 89 117 133 143 172 197 213 233 258 268 284 305 335 357 369 397 415 422 
5 21 47 77 90 118 134 144 173 198 214 234 259 269 285 306 336 358 370 398 416 423 
6 22 48 78 91 119 135 145 174 199 215 235 240 270 286 307 337 359 371 399 417 424 
7 23 49 79 92 100 136 146 175 180 216 236 241 271 287 308 338 340 372 380 418 425 
8 24 50 60 93 101 137 147 176 181 217 237 242 272 288 309 339 341 373 381 419 426 
13 37 42 79 97 110 139 154 164 198 217 225 252 264 284 308 322 341 363 397 409 426 441 
14 38 43 60 98 111 120 155 165 199 218 226 253 265 285 309 323 342 364 398 410 427 442 
15 39 44 61 99 112 121 156 166 180 219 227 254 266 286 310 324 343 365 399 411 428 443 
16 20 45 62 80 113 122 157 167 181 200 228 255 267 287 311 325 344 366 380 412 429 444 
17 21 46 63 81 114 123 158 168 182 201 229 256 268 288 312 326 345 367 381 413 430 445 
18 22 47 64 82 115 124 159 169 183 202 230 257 269 289 313 327 346 368 382 414 431 446 
19 23 48 65 83 116 125 140 170 184 203 231 258 270 290 314 328 347 369 383 415 432 447 
0 24 49 66 84 117 126 141 171 185 204 232 259 271 291 315 329 348 370 384 416 433 448 
1 25 50 67 85 118 127 142 172 186 205 233 240 272 292 316 330 349 371 385 417 434 449 
2 26 51 68 86 119 128 143 173 187 206 234 241 273 293 317 331 350 372 386 418 435 450 
3 27 52 69 87 100 129 144 174 188 207 235 242 274 294 318 332 351 373 387 419 436 451 
4 28 53 70 88 101 130 145 175 189 208 236 243 275 295 319 333 352 374 388 400 437 452 
5 29 54 71 89 102 131 146 176 190 209 237 244 276 296 300 334 353 375 389 401 438 453 
6 30 55 72 90 103 132 147 177 191 210 238 245 277 297 301 335 354 376 390 402 439 454 
7 31 56 73 91 104 133 148 178 192 211 239 246 278 298 302 336 355 377 391 403 420 455 
8 32 57 74 92 105 134 149 179 193 212 220 247 279 299 303 337 356 378 392 404 421 456 
9 33 58 75 93 106 135 150 160 194 213 221 248 260 280 304 338 357 379 393 405 422 457 
10 34 59 76 94 107 136 151 161 195 214 222 249 261 281 305 339 358 360 394 406 423 458 
11 35 40 77 95 108 137 152 162 196 215 223 250 262 282 306 320 359 361 395 407 424 459 
12 36 41 78 96 109 138 153 163 197 216 224 251 263 283 307 321 340 362 396 408 425 440 
3 29 50 63 81 101 136 141 179 189 216 238 255 263 288 307 334 349 366 388 408 428 460 
4 30 51 64 82 102 137 142 160 190 217 239 256 264 289 308 335 350 367 389 409 429 461 
5 31 52 65 83 103 138 143 161 191 218 220 257 265 290 309 336 351 368 390 410 430 462 
6 32 53 66 84 104 139 144 162 192 219 221 258 266 291 310 337 352 369 391 411 431 463 
7 33 54 67 85 105 120 145 163 193 200 222 259 267 292 311 338 353 370 392 412 432 464 
8 34 55 68 86 106 121 146 164 194 201 223 240 268 293 312 339 354 371 393 413 433 465 
9 35 56 69 87 107 122 147 165 195 202 224 241 269 294 313 320 355 372 394 414 434 466 
10 36 57 70 88 108 123 148 166 196 203 225 242 270 295 314 321 356 373 395 415 435 467 
11 37 58 71 89 109 124 149 167 197 204 226 243 271 296 315 322 357 374 396 416 436 468 
12 38 59 72 90 110 125 150 168 198 205 227 244 272 297 316 323 358 375 397 417 437 469 
13 39 40 73 91 111 126 151 169 199 206 228 245 273 298 317 324 359 376 398 418 438 470 
14 20 41 74 92 112 127 152 170 180 207 229 246 274 299 318 325 340 377 399 419 439 471 
15 21 42 75 93 113 128 153 171 181 208 230 247 275 280 319 326 341 378 380 400 420 472 
16 22 43 76 94 114 129 154 172 182 209 231 248 276 281 300 327 342 379 381 401 421 473 
17 23 44 77 95 115 130 155 173 183 210 232 249 277 282 301 328 343 360 382 402 422 474 
18 24 45 78 96 116 131 156 174 184 211 233 250 278 283 302 329 344 361 383 403 423 475 
19 25 46 79 97 117 132 157 175 185 212 234 251 279 284 303 330 345 362 384 404 424 476 
0 26 47 60 98 118 133 158 176 186 213 235 252 260 285 304 331 346 363 385 405 425 477 
1 27 48 61 99 119 134 159 177 187 214 236 253 261 286 305 332 347 364 386 406 426 478 
2 28 49 62 80 100 135 140 178 188 215 237 254 262 287 306 333 348 365 387 407 427 479 
2 32 46 64 84 100 131 150 166 195 209 223 248 271 298 314 329 357 360 398 405 436 440 461 481 
3 33 47 65 85 101 132 151 167 196 210 224 249 272 299 315 330 358 361 399 406 437 441 462 482 
4 34 48 66 86 102 133 152 168 197 211 225 250 273 280 316 331 359 362 380 407 438 442 463 483 
5 35 49 67 87 103 134 153 169 198 212 226 251 274 281 317 332 340 363 381 408 439 443 464 484 
6 36 50 68 88 104 135 154 170 199 213 227 252 275 282 318 333 341 364 382 409 420 444 465 485 
7 37 51 69 89 105 136 155 171 180 214 228 253 276 283 319 334 342 365 383 410 421 445 466 486 
8 38 52 70 90 106 137 156 172 181 215 229 254 277 284 300 335 343 366 384 411 422 446 467 487 
9 39 53 71 91 107 138 157 173 182 216 230 255 278 285 301 336 344 367 385 412 423 447 468 488 
10 20 54 72 92 108 139 158 174 183 217 231 256 279 286 302 337 345 368 386 413 424 448 469 489 
11 21 55 73 93 109 120 159 175 184 218 232 257 260 287 303 338 346 369 387 414 425 449 470 490 
12 22 56 74 94 110 121 140 176 185 219 233 258 261 288 304 339 347 370 388 415 426 450 471 491 
13 23 57 75 95 111 122 141 177 186 200 234 259 262 289 305 320 348 371 389 416 427 451 472 492 
14 24 58 76 96 112 123 142 178 187 201 235 240 263 290 306 321 349 372 390 417 428 452 473 493 
15 25 59 77 97 113 124 143 179 188 202 236 241 264 291 307 322 350 373 391 418 429 453 474 494 
16 26 40 78 98 114 125 144 160 189 203 237 242 265 292 308 323 351 374 392 419 430 454 475 495 
17 27 41 79 99 115 126 145 161 190 204 238 243 266 293 309 324 352 375 393 400 431 455 476 496 
18 28 42 60 80 116 127 146 162 191 205 239 244 267 294 310 325 353 376 394 401 432 456 477 497 
19 29 43 61 81 117 128 147 163 192 206 220 245 268 295 311 326 354 377 395 402 433 457 478 498 
0 30 44 62 82 118 129 148 164 193 207 221 246 269 296 312 327 355 378 396 403 434 458 479 499 
1 31 45 63 83 119 130 149 165 194 208 222 247 270 297 313 328 356 379 397 404 435 459 460 480 
1 33 40 73 92 116 134 140 175 197 200 221 251 274 281 303 337 358 368 387 414 426 455 462 481 517 
2 34 41 74 93 117 135 141 176 198 201 222 252 275 282 304 338 359 369 388 415 427 456 463 482 518 
3 35 42 75 94 118 136 142 177 199 202 223 253 276 283 305 339 340 370 389 416 428 457 464 483 519 
4 36 43 76 95 119 137 143 178 180 203 224 254 277 284 306 320 341 371 390 417 429 458 465 484 500 
5 37 44 77 96 100 138 144 179 181 204 225 255 278 285 307 321 342 372 391 418 430 459 466 485 501 
6 38 45 78 97 101 139 145 160 182 205 226 256 279 286 308 322 343 373 392 419 431 440 467 486 502 
7 39 46 79 98 102 120 146 161 183 206 227 257 260 287 309 323 344 374 393 400 432 441 468 487 503 
8 20 47 60 99 103 121 147 162 184 207 228 258 261 288 310 324 345 375 394 401 433 442 469 488 504 
9 21 48 61 80 104 122 148 163 185 208 229 259 262 289 311 325 346 376 395 402 434 443 470 489 505 
10 22 49 62 81 105 123 149 164 186 209 230 240 263 290 312 326 347 377 396 403 435 444 471 490 506 
11 23 50 63 82 106 124 150 165 187 210 231 241 264 291 313 327 348 378 397 404 436 445 472 491 507 
12 24 51 64 83 107 125 151 166 188 211 232 242 265 292 314 328 349 379 398 405 437 446 473 492 508 
13 25 52 65 84 108 126 152 167 189 212 233 243 266 293 315 329 350 360 399 406 438 447 474 493 509 
14 26 53 66 85 109 127 153 168 190 213 234 244 267 294 316 330 351 361 380 407 439 448 475 494 510 
15 27 54 67 86 110 128 154 169 191 214 235 245 268 295 317 331 352 362 381 408 420 449 476 495 511 
16 28 55 68 87 111 129 155 170 192 215 236 246 269 296 318 332 353 363 382 409 421 450 477 496 512 
17 29 56 69 88 112 130 156 171 193 216 237 247 270 297 319 333 354 364 383 410 422 451 478 497 513 
18 30 57 70 89 113 131 157 172 194 217 238 248 271 298 300 334 355 365 384 411 423 452 479 498 514 
19 31 58 71 90 114 132 158 173 195 218 239 249 272 299 301 335 356 366 385 412 424 453 460 499 515 
0 32 59 72 91 115 133 159 174 196 219 220 250 273 280 302 336 357 367 386 413 425 454 461 480 516 
9 34 56 74 80 114 137 154 177 190 210 232 240 278 299 310 330 340 364 384 416 422 452 464 499 504 
10 35 57 75 81 115 138 155 178 191 211 233 241 279 280 311 331 341 365 385 417 423 453 465 480 505 
11 36 58 76 82 116 139 156 179 192 212 234 242 260 281 312 332 342 366 386 418 424 454 466 481 506 
12 37 59 77 83 117 120 157 160 193 213 235 243 261 282 313 333 343 367 387 419 425 455 467 482 507 
13 38 40 78 84 118 121 158 161 194 214 236 244 262 283 314 334 344 368 388 400 426 456 468 483 508 
14 39 41 79 85 119 122 159 162 195 215 237 245 263 284 315 335 345 369 389 401 427 457 469 484 509 
15 20 42 60 86 100 123 140 163 196 216 238 246 264 285 316 336 346 370 390 402 428 458 470 485 510 
16 21 43 61 87 101 124 141 164 197 217 239 247 265 286 317 337 347 371 391 403 429 459 471 486 511 
17 22 44 62 88 102 125 142 165 198 218 220 248 266 287 318 338 348 372 392 404 430 440 472 487 512 
18 23 45 63 89 103 126 143 166 199 219 221 249 267 288 319 339 349 373 393 405 431 441 473 488 513 
19 24 46 64 90 104 127 144 167 180 200 222 250 268 289 300 320 350 374 394 406 432 442 474 489 514 
0 25 47 65 91 105 128 145 168 181 201 223 251 269 290 301 321 351 375 395 407 433 443 475 490 515 
1 26 48 66 92 106 129 146 169 182 202 224 252 270 291 302 322 352 376 396 408 434 444 476 491 516 
2 27 49 67 93 107 130 147 170 183 203 225 253 271 292 303 323 353 377 397 409 435 445 477 492 517 
3 28 50 68 94 108 131 148 171 184 204 226 254 272 293 304 324 354 378 398 410 436 446 478 493 518 
4 29 51 69 95 109 132 149 172 185 205 227 255 273 294 305 325 355 379 399 411 437 447 479 494 519 
5 30 52 70 96 110 133 150 173 186 206 228 256 274 295 306 326 356 360 380 412 438 448 460 495 500 
6 31 53 71 97 111 134 151 174 187 207 229 257 275 296 307 327 357 361 381 413 439 449 461 496 501 
7 32 54 72 98 112 135 152 175 188 208 230 258 276 297 308 328 358 362 382 414 420 450 462 497 502 
8 33 55 73 99 113 136 153 176 189 209 231 259 277 298 309 329 359 363 383 415 421 451 463 498 503 
1 34 59 62 81 106 133 154 160 194 219 235 241 269 295 301 331 345 360 387 416 430 441 473 491 517 
2 35 40 63 82 107 134 155 161 195 200 236 242 270 296 302 332 346 361 388 417 431 442 474 492 518 
3 36 41 64 83 108 135 156 162 196 201 237 243 271 297 303 333 347 362 389 418 432 443 475 493 519 
4 37 42 65 84 109 136 157 163 197 202 238 244 272 298 304 334 348 363 390 419 433 444 476 494 500 
5 38 43 66 85 110 137 158 164 198 203 239 245 273 299 305 335 349 364 391 400 434 445 477 495 501 
6 39 44 67 86 111 138 159 165 199 204 220 246 274 280 306 336 350 365 392 401 435 446 478 496 502 
7 20 45 68 87 112 139 140 166 180 205 221 247 275 281 307 337 351 366 393 402 436 447 479 497 503 
8 21 46 69 88 113 120 141 167 181 206 222 248 276 282 308 338 352 367 394 403 437 448 460 498 504 
9 22 47 70 89 114 121 142 168 182 207 223 249 277 283 309 339 353 368 395 404 438 449 461 499 505 
10 23 48 71 90 115 122 143 169 183 208 224 250 278 284 310 320 354 369 396 405 439 450 462 480 506 
11 24 49 72 91 116 123 144 170 184 209 225 251 279 285 311 321 355 370 397 406 420 451 463 481 507 
12 25 50 73 92 117 124 145 171 185 210 226 252 260 286 312 322 356 371 398 407 421 452 464 482 508 
13 26 51 74 93 118 125 146 172 186 211 227 253 261 287 313 323 357 372 399 408 422 453 465 483 509 
14 27 52 75 94 119 126 147 173 187 212 228 254 262 288 314 324 358 373 380 409 423 454 466 484 510 
15 28 53 76 95 100 127 148 174 188 213 229 255 263 289 315 325 359 374 381 410 424 455 467 485 511 
16 29 54 77 96 101 128 149 175 189 214 230 256 264 290 316 326 340 375 382 411 425 456 468 486 512 
17 30 55 78 97 102 129 150 176 190 215 231 257 265 291 317 327 341 376 383 412 426 457 469 487 513 
18 31 56 79 98 103 130 151 177 191 216 232 258 266 292 318 328 342 377 384 413 427 458 470 488 514 
19 32 57 60 99 104 131 152 178 192 217 233 259 267 293 319 329 343 378 385 414 428 459 471 489 515 
0 33 58 61 80 105 132 153 179 193 218 234 240 268 294 300 330 344 379 386 415 429 440 472 490 516 
12 34 59 61 95 110 125 154 172 187 210 238 241 268 282 310 336 343 377 381 402 428 443 462 486 519 
13 35 40 62 96 111 126 155 173 188 211 239 242 269 283 311 337 344 378 382 403 429 444 463 487 500 
14 36 41 63 97 112 127 156 174 189 212 220 243 270 284 312 338 345 379 383 404 430 445 464 488 501 
15 37 42 64 98 113 128 157 175 190 213 221 244 271 285 313 339 346 360 384 405 431 446 465 489 502 
16 38 43 65 99 114 129 158 176 191 214 222 245 272 286 314 320 347 361 385 406 432 447 466 490 503 
17 39 44 66 80 115 130 159 177 192 215 223 246 273 287 315 321 348 362 386 407 433 448 467 491 504 
18 20 45 67 81 116 131 140 178 193 216 224 247 274 288 316 322 349 363 387 408 434 449 468 492 505 
19 21 46 68 82 117 132 141 179 194 217 225 248 275 289 317 323 350 364 388 409 435 450 469 493 506 
0 22 47 69 83 118 133 142 160 195 218 226 249 276 290 318 324 351 365 389 410 436 451 470 494 507 
1 23 48 70 84 119 134 143 161 196 219 227 250 277 291 319 325 352 366 390 411 437 452 471 495 508 
2 24 49 71 85 100 135 144 162 197 200 228 251 278 292 300 326 353 367 391 412 438 453 472 496 509 
3 25 50 72 86 101 136 145 163 198 201 229 252 279 293 301 327 354 368 392 413 439 454 473 497 510 
4 26 51 73 87 102 137 146 164 199 202 230 253 260 294 302 328 355 369 393 414 420 455 474 498 511 
5 27 52 74 88 103 138 147 165 180 203 231 254 261 295 303 329 356 370 394 415 421 456 475 499 512 
6 28 53 75 89 104 139 148 166 181 204 232 255 262 296 304 330 357 371 395 416 422 457 476 480 513 
7 29 54 76 90 105 120 149 167 182 205 233 256 263 297 305 331 358 372 396 417 423 458 477 481 514 
8 30 55 77 91 106 121 150 168 183 206 234 257 264 298 306 332 359 373 397 418 424 459 478 482 515 
9 31 56 78 92 107 122 151 169 184 207 235 258 265 299 307 333 340 374 398 419 425 440 479 483 516 
10 32 57 79 93 108 123 152 170 185 208 236 259 266 280 308 334 341 375 399 400 426 441 460 484 517 
11 33 58 60 94 109 124 153 171 186 209 237 240 267 281 309 335 342 376 380 401 427 442 461 485 518 
2 27 43 63 81 115 134 150 177 182 200 239 247 265 299 314 321 351 375 393 418 421 457 468 499 509 
3 28 44 64 82 116 135 151 178 183 201 220 248 266 280 315 322 352 376 394 419 422 458 469 480 510 
4 29 45 65 83 117 136 152 179 184 202 221 249 267 281 316 323 353 377 395 400 423 459 470 481 511 
5 30 46 66 84 118 137 153 160 185 203 222 250 268 282 317 324 354 378 396 401 424 440 471 482 512 
6 31 47 67 85 119 138 154 161 186 204 223 251 269 283 318 325 355 379 397 402 425 441 472 483 513 
7 32 48 68 86 100 139 155 162 187 205 224 252 270 284 319 326 356 360 398 403 426 442 473 484 514 
8 33 49 69 87 101 120 156 163 188 206 225 253 271 285 300 327 357 361 399 404 427 443 474 485 515 
9 34 50 70 88 102 121 157 164 189 207 226 254 272 286 301 328 358 362 380 405 428 444 475 486 516 
10 35 51 71 89 103 122 158 165 190 208 227 255 273 287 302 329 359 363 381 406 429 445 476 487 517 
11 36 52 72 90 104 123 159 166 191 209 228 256 274 288 303 330 340 364 382 407 430 446 477 488 518 
12 37 53 73 91 105 124 140 167 192 210 229 257 275 289 304 331 341 365 383 408 431 447 478 489 519 
13 38 54 74 92 106 125 141 168 193 211 230 258 276 290 305 332 342 366 384 409 432 448 479 490 500 
14 39 55 75 93 107 126 142 169 194 212 231 259 277 291 306 333 343 367 385 410 433 449 460 491 501 
15 20 56 76 94 108 127 143 170 195 213 232 240 278 292 307 334 344 368 386 411 434 450 461 492 502 
16 21 57 77 95 109 128 144 171 196 214 233 241 279 293 308 335 345 369 387 412 435 451 462 493 503 
17 22 58 78 96 110 129 145 172 197 215 234 242 260 294 309 336 346 370 388 413 436 452 463 494 504 
18 23 59 79 97 111 130 146 173 198 216 235 243 261 295 310 337 347 371 389 414 437 453 464 495 505 
19 24 40 60 98 112 131 147 174 199 217 236 244 262 296 311 338 348 372 390 415 438 454 465 496 506 
0 25 41 61 99 113 132 148 175 180 218 237 245 263 297 312 339 349 373 391 416 439 455 466 497 507 
1 26 42 62 80 114 133 149 176 181 219 238 246 264 298 313 320 350 374 392 417 420 456 467 498 508 
7 23 41 73 95 103 133 155 176 187 204 221 255 271 293 308 320 353 364 380 408 435 448 473 488 519 
8 24 42 74 96 104 134 156 177 188 205 222 256 272 294 309 321 354 365 381 409 436 449 474 489 500 
9 25 43 75 97 105 135 157 178 189 206 223 257 273 295 310 322 355 366 382 410 437 450 475 490 501 
10 26 44 76 98 106 136 158 179 190 207 224 258 274 296 311 323 356 367 383 411 438 451 476 491 502 
11 27 45 77 99 107 137 159 160 191 208 225 259 275 297 312 324 357 368 384 412 439 452 477 492 503 
12 28 46 78 80 108 138 140 161 192 209 226 240 276 298 313 325 358 369 385 413 420 453 478 493 504 
13 29 47 79 81 109 139 141 162 193 210 227 241 277 299 314 326 359 370 386 414 421 454 479 494 505 
14 30 48 60 82 110 120 142 163 194 211 228 242 278 280 315 327 340 371 387 415 422 455 460 495 506 
15 31 49 61 83 111 121 143 164 195 212 229 243 279 281 316 328 341 372 388 416 423 456 461 496 507 
16 32 50 62 84 112 122 144 165 196 213 230 244 260 282 317 329 342 373 389 417 424 457 462 497 508 
17 33 51 63 85 113 123 145 166 197 214 231 245 261 283 318 330 343 374 390 418 425 458 463 498 509 
18 34 52 64 86 114 124 146 167 198 215 232 246 262 284 319 331 344 375 391 419 426 459 464 499 510 
19 35 53 65 87 115 125 147 168 199 216 233 247 263 285 300 332 345 376 392 400 427 440 465 480 511 
0 36 54 66 88 116 126 148 169 180 217 234 248 264 286 301 333 346 377 393 401 428 441 466 481 512 
1 37 55 67 89 117 127 149 170 181 218 235 249 265 287 302 334 347 378 394 402 429 442 467 482 513 
2 38 56 68 90 118 128 150 171 182 219 236 250 266 288 303 335 348 379 395 403 430 443 468 483 514 
3 39 57 69 91 119 129 151 172 183 200 237 251 267 289 304 336 349 360 396 404 431 444 469 484 515 
4 20 58 70 92 100 130 152 173 184 201 238 252 268 290 305 337 350 361 397 405 432 445 470 485 516 
5 21 59 71 93 101 131 153 174 185 202 239 253 269 291 306 338 351 362 398 406 433 446 471 486 517 
6 22 40 72 94 102 132 154 175 186 203 220 254 270 292 307 339 352 363 399 407 434 447 472 487 518 
12 35 48 64 84 115 127 145 178 193 218 231 248 265 295 302 323 343 370 389 402 424 440 466 481 518 
13 36 49 65 85 116 128 146 179 194 219 232 249 266 296 303 324 344 371 390 403 425 441 467 482 519 
14 37 50 66 86 117 129 147 160 195 200 233 250 267 297 304 325 345 372 391 404 426 442 468 483 500 
15 38 51 67 87 118 130 148 161 196 201 234 251 268 298 305 326 346 373 392 405 427 443 469 484 501 
16 39 52 68 88 119 131 149 162 197 202 235 252 269 299 306 327 347 374 393 406 428 444 470 485 502 
17 20 53 69 89 100 132 150 163 198 203 236 253 270 280 307 328 348 375 394 407 429 445 471 486 503 
18 21 54 70 90 101 133 151 164 199 204 237 254 271 281 308 329 349 376 395 408 430 446 472 487 504 
19 22 55 71 91 102 134 152 165 180 205 238 255 272 282 309 330 350 377 396 409 431 447 473 488 505 
0 23 56 72 92 103 135 153 166 181 206 239 256 273 283 310 331 351 378 397 410 432 448 474 489 506 
1 24 57 73 93 104 136 154 167 182 207 220 257 274 284 311 332 352 379 398 411 433 449 475 490 507 
2 25 58 74 94 105 137 155 168 183 208 221 258 275 285 312 333 353 360 399 412 434 450 476 491 508 
3 26 59 75 95 106 138 156 169 184 209 222 259 276 286 313 334 354 361 380 413 435 451 477 492 509 
4 27 40 76 96 107 139 157 170 185 210 223 240 277 287 314 335 355 362 381 414 436 452 478 493 510 
5 28 41 77 97 108 120 158 171 186 211 224 241 278 288 315 336 356 363 382 415 437 453 479 494 511 
6 29 42 78 98 109 121 159 172 187 212 225 242 279 289 316 337 357 364 383 416 438 454 460 495 512 
7 30 43 79 99 110 122 140 173 188 213 226 243 260 290 317 338 358 365 384 417 439 455 461 496 513 
8 31 44 60 80 111 123 141 174 189 214 227 244 261 291 318 339 359 366 385 418 420 456 462 497 514 
9 32 45 61 81 112 124 142 175 190 215 228 245 262 292 319 320 340 367 386 419 421 457 463 498 515 
10 33 46 62 82 113 125 143 176 191 216 229 246 263 293 300 321 341 368 387 400 422 458 464 499 516 
11 34 47 63 83 114 126 144 177 192 217 230 247 264 294 301 322 342 369 388 401 423 459 465 480 517 
11 22 51 79 98 116 132 156 178 186 208 235 252 279 288 300 327 354 362 396 409 438 449 460 485 511 
12 23 52 60 99 117 133 157 179 187 209 236 253 260 289 301 328 355 363 397 410 439 450 461 486 512 
13 24 53 61 80 118 134 158 160 188 210 237 254 261 290 302 329 356 364 398 411 420 451 462 487 513 
14 25 54 62 81 119 135 159 161 189 211 238 255 262 291 303 330 357 365 399 412 421 452 463 488 514 
15 26 55 63 82 100 136 140 162 190 212 239 256 263 292 304 331 358 366 380 413 422 453 464 489 515 
16 27 56 64 83 101 137 141 163 191 213 220 257 264 293 305 332 359 367 381 414 423 454 465 490 516 
17 28 57 65 84 102 138 142 164 192 214 221 258 265 294 306 333 340 368 382 415 424 455 466 491 517 
18 29 58 66 85 103 139 143 165 193 215 222 259 266 295 307 334 341 369 383 416 425 456 467 492 518 
19 30 59 67 86 104 120 144 166 194 216 223 240 267 296 308 335 342 370 384 417 426 457 468 493 519 
0 31 40 68 87 105 121 145 167 195 217 224 241 268 297 309 336 343 371 385 418 427 458 469 494 500 
1 32 41 69 88 106 122 146 168 196 218 225 242 269 298 310 337 344 372 386 419 428 459 470 495 501 
2 33 42 70 89 107 123 147 169 197 219 226 243 270 299 311 338 345 373 387 400 429 440 471 496 502 
3 34 43 71 90 108 124 148 170 198 200 227 244 271 280 312 339 346 374 388 401 430 441 472 497 503 
4 35 44 72 91 109 125 149 171 199 201 228 245 272 281 313 320 347 375 389 402 431 442 473 498 504 
5 36 45 73 92 110 126 150 172 180 202 229 246 273 282 314 321 348 376 390 403 432 443 474 499 505 
6 37 46 74 93 111 127 151 173 181 203 230 247 274 283 315 322 349 377 391 404 433 444 475 480 506 
7 38 47 75 94 112 128 152 174 182 204 231 248 275 284 316 323 350 378 392 405 434 445 476 481 507 
8 39 48 76 95 113 129 153 175 183 205 232 249 276 285 317 324 351 379 393 406 435 446 477 482 508 
9 20 49 77 96 114 130 154 176 184 206 233 250 277 286 318 325 352 360 394 407 436 447 478 483 509 
10 21 50 78 97 115 131 155 177 185 207 234 251 278 287 319 326 353 361 395 408 437 448 479 484 510 
1 38 47 75 96 118 134 144 168 185 211 233 259 269 299 300 324 341 370 390 419 430 457 474 486 506 
2 39 48 76 97 119 135 145 169 186 212 234 240 270 280 301 325 342 371 391 400 431 458 475 487 507 
3 20 49 77 98 100 136 146 170 187 213 235 241 271 281 302 326 343 372 392 401 432 459 476 488 508 
4 21 50 78 99 101 137 147 171 188 214 236 242 272 282 303 327 344 373 393 402 433 440 477 489 509 
5 22 51 79 80 102 138 148 172 189 215 237 243 273 283 304 328 345 374 394 403 434 441 478 490 510 
6 23 52 60 81 103 139 149 173 190 216 238 244 274 284 305 329 346 375 395 404 435 442 479 491 511 
7 24 53 61 82 104 120 150 174 191 217 239 245 275 285 306 330 347 376 396 405 436 443 460 492 512 
8 25 54 62 83 105 121 151 175 192 218 220 246 276 286 307 331 348 377 397 406 437 444 461 493 513 
9 26 55 63 84 106 122 152 176 193 219 221 247 277 287 308 332 349 378 398 407 438 445 462 494 514 
10 27 56 64 85 107 123 153 177 194 200 222 248 278 288 309 333 350 379 399 408 439 446 463 495 515 
11 28 57 65 86 108 124 154 178 195 201 223 249 279 289 310 334 351 360 380 409 420 447 464 496 516 
12 29 58 66 87 109 125 155 179 196 202 224 250 260 290 311 335 352 361 381 410 421 448 465 497 517 
13 30 59 67 88 110 126 156 160 197 203 225 251 261 291 312 336 353 362 382 411 422 449 466 498 518 
14 31 40 68 89 111 127 157 161 198 204 226 252 262 292 313 337 354 363 383 412 423 450 467 499 519 
15 32 41 69 90 112 128 158 162 199 205 227 253 263 293 314 338 355 364 384 413 424 451 468 480 500 
16 33 42 70 91 113 129 159 163 180 206 228 254 264 294 315 339 356 365 385 414 425 452 469 481 501 
17 34 43 71 92 114 130 140 164 181 207 229 255 265 295 316 320 357 366 386 415 426 453 470 482 502 
18 35 44 72 93 115 131 141 165 182 208 230 256 266 296 317 321 358 367 387 416 427 454 471 483 503 
19 36 45 73 94 116 132 142 166 183 209 231 257 267 297 318 322 359 368 388 417 428 455 472 484 504 
0 37 46 74 95 117 133 143 167 184 210 232 258 268 298 319 323 340 369 389 418 429 456 473 485 505 
3 26 56 61 90 107 136 155 162 192 203 226 249 264 282 300 334 354 379 384 404 421 442 474 484 514 
4 27 57 62 91 108 137 156 163 193 204 227 250 265 283 301 335 355 360 385 405 422 443 475 485 515 
5 28 58 63 92 109 138 157 164 194 205 228 251 266 284 302 336 356 361 386 406 423 444 476 486 516 
6 29 59 64 93 110 139 158 165 195 206 229 252 267 285 303 337 357 362 387 407 424 445 477 487 517 
7 30 40 65 94 111 120 159 166 196 207 230 253 268 286 304 338 358 363 388 408 425 446 478 488 518 
8 31 41 66 95 112 121 140 167 197 208 231 254 269 287 305 339 359 364 389 409 426 447 479 489 519 
9 32 42 67 96 113 122 141 168 198 209 232 255 270 288 306 320 340 365 390 410 427 448 460 490 500 
10 33 43 68 97 114 123 142 169 199 210 233 256 271 289 307 321 341 366 391 411 428 449 461 491 501 
11 34 44 69 98 115 124 143 170 180 211 234 257 272 290 308 322 342 367 392 412 429 450 462 492 502 
12 35 45 70 99 116 125 144 171 181 212 235 258 273 291 309 323 343 368 393 413 430 451 463 493 503 
13 36 46 71 80 117 126 145 172 182 213 236 259 274 292 310 324 344 369 394 414 431 452 464 494 504 
14 37 47 72 81 118 127 146 173 183 214 237 240 275 293 311 325 345 370 395 415 432 453 465 495 505 
15 38 48 73 82 119 128 147 174 184 215 238 241 276 294 312 326 346 371 396 416 433 454 466 496 506 
16 39 49 74 83 100 129 148 175 185 216 239 242 277 295 313 327 347 372 397 417 434 455 467 497 507 
17 20 50 75 84 101 130 149 176 186 217 220 243 278 296 314 328 348 373 398 418 435 456 468 498 508 
18 21 51 76 85 102 131 150 177 187 218 221 244 279 297 315 329 349 374 399 419 436 457 469 499 509 
19 22 52 77 86 103 132 151 178 188 219 222 245 260 298 316 330 350 375 380 400 437 458 470 480 510 
0 23 53 78 87 104 133 152 179 189 200 223 246 261 299 317 331 351 376 381 401 438 459 471 481 511 
1 24 54 79 88 105 134 153 160 190 201 224 247 262 280 318 332 352 377 382 402 439 440 472 482 512 
2 25 55 60 89 106 135 154 161 191 202 225 248 263 281 319 333 353 378 383 403 420 441 473 483 513 
5 21 46 61 97 106 127 144 164 195 208 233 240 264 285 316 320 344 361 382 402 425 456 471 489 514 
6 22 47 62 98 107 128 145 165 196 209 234 241 265 286 317 321 345 362 383 403 426 457 472 490 515 
7 23 48 63 99 108 129 146 166 197 210 235 242 266 287 318 322 346 363 384 404 427 458 473 491 516 
8 24 49 64 80 109 130 147 167 198 211 236 243 267 288 319 323 347 364 385 405 428 459 474 492 517 
9 25 50 65 81 110 131 148 168 199 212 237 244 268 289 300 324 348 365 386 406 429 440 475 493 518 
10 26 51 66 82 111 132 149 169 180 213 238 245 269 290 301 325 349 366 387 407 430 441 476 494 519 
11 27 52 67 83 112 133 150 170 181 214 239 246 270 291 302 326 350 367 388 408 431 442 477 495 500 
12 28 53 68 84 113 134 151 171 182 215 220 247 271 292 303 327 351 368 389 409 432 443 478 496 501 
13 29 54 69 85 114 135 152 172 183 216 221 248 272 293 304 328 352 369 390 410 433 444 479 497 502 
14 30 55 70 86 115 136 153 173 184 217 222 249 273 294 305 329 353 370 391 411 434 445 460 498 503 
15 31 56 71 87 116 137 154 174 185 218 223 250 274 295 306 330 354 371 392 412 435 446 461 499 504 
16 32 57 72 88 117 138 155 175 186 219 224 251 275 296 307 331 355 372 393 413 436 447 462 480 505 
17 33 58 73 89 118 139 156 176 187 200 225 252 276 297 308 332 356 373 394 414 437 448 463 481 506 
18 34 59 74 90 119 120 157 177 188 201 226 253 277 298 309 333 357 374 395 415 438 449 464 482 507 
19 35 40 75 91 100 121 158 178 189 202 227 254 278 299 310 334 358 375 396 416 439 450 465 483 508 
0 36 41 76 92 101 122 159 179 190 203 228 255 279 280 311 335 359 376 397 417 420 451 466 484 509 
1 37 42 77 93 102 123 140 160 191 204 229 256 260 281 312 336 340 377 398 418 421 452 467 485 510 
2 38 43 78 94 103 124 141 161 192 205 230 257 261 282 313 337 341 378 399 419 422 453 468 486 511 
3 39 44 79 95 104 125 142 162 193 206 231 258 262 283 314 338 342 379 380 400 423 454 469 487 512 
4 20 45 60 96 105 126 143 163 194 207 232 259 263 284 315 339 343 360 381 401 424 455 470 488 513 
12 32 48 66 83 110 137 159 172 192 218 229 253 272 294 314 325 354 378 380 401 429 442 479 491 514 
13 33 49 67 84 111 138 140 173 193 219 230 254 273 295 315 326 355 379 381 402 430 443 460 492 515 
14 34 50 68 85 112 139 141 174 194 200 231 255 274 296 316 327 356 360 382 403 431 444 461 493 516 
15 35 51 69 86 113 120 142 175 195 201 232 256 275 297 317 328 357 361 383 404 432 445 462 494 517 
16 36 52 70 87 114 121 143 176 196 202 233 257 276 298 318 329 358 362 384 405 433 446 463 495 518 
17 37 53 71 88 115 122 144 177 197 203 234 258 277 299 319 330 359 363 385 406 434 447 464 496 519 
18 38 54 72 89 116 123 145 178 198 204 235 259 278 280 300 331 340 364 386 407 435 448 465 497 500 
19 39 55 73 90 117 124 146 179 199 205 236 240 279 281 301 332 341 365 387 408 436 449 466 498 501 
0 20 56 74 91 118 125 147 160 180 206 237 241 260 282 302 333 342 366 388 409 437 450 467 499 502 
1 21 57 75 92 119 126 148 161 181 207 238 242 261 283 303 334 343 367 389 410 438 451 468 480 503 
2 22 58 76 93 100 127 149 162 182 208 239 243 262 284 304 335 344 368 390 411 439 452 469 481 504 
3 23 59 77 94 101 128 150 163 183 209 220 244 263 285 305 336 345 369 391 412 420 453 470 482 505 
4 24 40 78 95 102 129 151 164 184 210 221 245 264 286 306 337 346 370 392 413 421 454 471 483 506 
5 25 41 79 96 103 130 152 165 185 211 222 246 265 287 307 338 347 371 393 414 422 455 472 484 507 
6 26 42 60 97 104 131 153 166 186 212 223 247 266 288 308 339 348 372 394 415 423 456 473 485 508 
7 27 43 61 98 105 132 154 167 187 213 224 248 267 289 309 320 349 373 395 416 424 457 474 486 509 
8 28 44 62 99 106 133 155 168 188 214 225 249 268 290 310 321 350 374 396 417 425 458 475 487 510 
9 29 45 63 80 107 134 156 169 189 215 226 250 269 291 311 322 351 375 397 418 426 459 476 488 511 
10 30 46 64 81 108 135 157 170 190 216 227 251 270 292 312 323 352 376 398 419 427 440 477 489 512 
11 31 47 65 82 109 136 158 171 191 217 228 252 271 293 313 324 353 377 399 400 428 441 478 490 513 
17 38 45 64 92 108 126 157 174 199 218 232 259 260 297 314 339 340 364 394 414 439 445 463 480 503 
18 39 46 65 93 109 127 158 175 180 219 233 240 261 298 315 320 341 365 395 415 420 446 464 481 504 
19 20 47 66 94 110 128 159 176 181 200 234 241 262 299 316 321 342 366 396 416 421 447 465 482 505 
0 21 48 67 95 111 129 140 177 182 201 235 242 263 280 317 322 343 367 397 417 422 448 466 483 506 
1 22 49 68 96 112 130 141 178 183 202 236 243 264 281 318 323 344 368 398 418 423 449 467 484 507 
2 23 50 69 97 113 131 142 179 184 203 237 244 265 282 319 324 345 369 399 419 424 450 468 485 508 
3 24 51 70 98 114 132 143 160 185 204 238 245 266 283 300 325 346 370 380 400 425 451 469 486 509 
4 25 52 71 99 115 133 144 161 186 205 239 246 267 284 301 326 347 371 381 401 426 452 470 487 510 
5 26 53 72 80 116 134 145 162 187 206 220 247 268 285 302 327 348 372 382 402 427 453 471 488 511 
6 27 54 73 81 117 135 146 163 188 207 221 248 269 286 303 328 349 373 383 403 428 454 472 489 512 
7 28 55 74 82 118 136 147 164 189 208 222 249 270 287 304 329 350 374 384 404 429 455 473 490 513 
8 29 56 75 83 119 137 148 165 190 209 223 250 271 288 305 330 351 375 385 405 430 456 474 491 514 
9 30 57 76 84 100 138 149 166 191 210 224 251 272 289 306 331 352 376 386 406 431 457 475 492 515 
10 31 58 77 85 101 139 150 167 192 211 225 252 273 290 307 332 353 377 387 407 432 458 476 493 516 
11 32 59 78 86 102 120 151 168 193 212 226 253 274 291 308 333 354 378 388 408 433 459 477 494 517 
12 33 40 79 87 103 121 152 169 194 213 227 254 275 292 309 334 355 379 389 409 434 440 478 495 518 
13 34 41 60 88 104 122 153 170 195 214 228 255 276 293 310 335 356 360 390 410 435 441 479 496 519 
14 35 42 61 89 105 123 154 171 196 215 229 256 277 294 311 336 357 361 391 411 436 442 460 497 500 
15 36 43 62 90 106 124 155 172 197 216 230 257 278 295 312 337 358 362 392 412 437 443 461 498 501 
16 37 44 63 91 107 125 156 173 198 217 231 258 279 296 313 338 359 363 393 413 438 444 462 499 502 
12 39 55 76 86 110 131 148 167 193 209 230 244 261 289 319 323 358 372 397 403 428 457 477 482 504 
13 20 56 77 87 111 132 149 168 194 210 231 245 262 290 300 324 359 373 398 404 429 458 478 483 505 
14 21 57 78 88 112 133 150 169 195 211 232 246 263 291 301 325 340 374 399 405 430 459 479 484 506 
15 22 58 79 89 113 134 151 170 196 212 233 247 264 292 302 326 341 375 380 406 431 440 460 485 507 
16 23 59 60 90 114 135 152 171 197 213 234 248 265 293 303 327 342 376 381 407 432 441 461 486 508 
17 24 40 61 91 115 136 153 172 198 214 235 249 266 294 304 328 343 377 382 408 433 442 462 487 509 
18 25 41 62 92 116 137 154 173 199 215 236 250 267 295 305 329 344 378 383 409 434 443 463 488 510 
19 26 42 63 93 117 138 155 174 180 216 237 251 268 296 306 330 345 379 384 410 435 444 464 489 511 
0 27 43 64 94 118 139 156 175 181 217 238 252 269 297 307 331 346 360 385 411 436 445 465 490 512 
1 28 44 65 95 119 120 157 176 182 218 239 253 270 298 308 332 347 361 386 412 437 446 466 491 513 
2 29 45 66 96 100 121 158 177 183 219 220 254 271 299 309 333 348 362 387 413 438 447 467 492 514 
3 30 46 67 97 101 122 159 178 184 200 221 255 272 280 310 334 349 363 388 414 439 448 468 493 515 
4 31 47 68 98 102 123 140 179 185 201 222 256 273 281 311 335 350 364 389 415 420 449 469 494 516 
5 32 48 69 99 103 124 141 160 186 202 223 257 274 282 312 336 351 365 390 416 421 450 470 495 517 
6 33 49 70 80 104 125 142 161 187 203 224 258 275 283 313 337 352 366 391 417 422 451 471 496 518 
7 34 50 71 81 105 126 143 162 188 204 225 259 276 284 314 338 353 367 392 418 423 452 472 497 519 
8 35 51 72 82 106 127 144 163 189 205 226 240 277 285 315 339 354 368 393 419 424 453 473 498 500 
9 36 52 73 83 107 128 145 164 190 206 227 241 278 286 316 320 355 369 394 400 425 454 474 499 501 
10 37 53 74 84 108 129 146 165 191 207 228 242 279 287 317 321 356 370 395 401 426 455 475 480 502 
11 38 54 75 85 109 130 147 166 192 208 229 243 260 288 318 322 357 371 396 402 427 456 476 481 503 
16 38 47 73 91 116 125 147 170 188 210 234 247 267 288 313 334 349 367 393 401 430 449 470 480 502 
17 39 48 74 92 117 126 148 171 189 211 235 248 268 289 314 335 350 368 394 402 431 450 471 481 503 
18 20 49 75 93 118 127 149 172 190 212 236 249 269 290 315 336 351 369 395 403 432 451 472 482 504 
19 21 50 76 94 119 128 150 173 191 213 237 250 270 291 316 337 352 370 396 404 433 452 473 483 505 
0 22 51 77 95 100 129 151 174 192 214 238 251 271 292 317 338 353 371 397 405 434 453 474 484 506 
1 23 52 78 96 101 130 152 175 193 215 239 252 272 293 318 339 354 372 398 406 435 454 475 485 507 
2 24 53 79 97 102 131 153 176 194 216 220 253 273 294 319 320 355 373 399 407 436 455 476 486 508 
3 25 54 60 98 103 132 154 177 195 217 221 254 274 295 300 321 356 374 380 408 437 456 477 487 509 
4 26 55 61 99 104 133 155 178 196 218 222 255 275 296 301 322 357 375 381 409 438 457 478 488 510 
5 27 56 62 80 105 134 156 179 197 219 223 256 276 297 302 323 358 376 382 410 439 458 479 489 511 
6 28 57 63 81 106 135 157 160 198 200 224 257 277 298 303 324 359 377 383 411 420 459 460 490 512 
7 29 58 64 82 107 136 158 161 199 201 225 258 278 299 304 325 340 378 384 412 421 440 461 491 513 
8 30 59 65 83 108 137 159 162 180 202 226 259 279 280 305 326 341 379 385 413 422 441 462 492 514 
9 31 40 66 84 109 138 140 163 181 203 227 240 260 281 306 327 342 360 386 414 423 442 463 493 515 
10 32 41 67 85 110 139 141 164 182 204 228 241 261 282 307 328 343 361 387 415 424 443 464 494 516 
11 33 42 68 86 111 120 142 165 183 205 229 242 262 283 308 329 344 362 388 416 425 444 465 495 517 
12 34 43 69 87 112 121 143 166 184 206 230 243 263 284 309 330 345 363 389 417 426 445 466 496 518 
13 35 44 70 88 113 122 144 167 185 207 231 244 264 285 310 331 346 364 390 418 427 446 467 497 519 
14 36 45 71 89 114 123 145 168 186 208 232 245 265 286 311 332 347 365 391 419 428 447 468 498 500 
15 37 46 72 90 115 124 146 169 187 209 233 246 266 287 312 333 348 366 392 400 429 448 469 499 501 
11 37 59 71 99 115 139 156 179 190 213 221 247 276 283 317 327 340 361 388 406 425 454 474 499 505 
12 38 40 72 80 116 120 157 160 191 214 222 248 277 284 318 328 341 362 389 407 426 455 475 480 506 
13 39 41 73 81 117 121 158 161 192 215 223 249 278 285 319 329 342 363 390 408 427 456 476 481 507 
14 20 42 74 82 118 122 159 162 193 216 224 250 279 286 300 330 343 364 391 409 428 457 477 482 508 
15 21 43 75 83 119 123 140 163 194 217 225 251 260 287 301 331 344 365 392 410 429 458 478 483 509 
16 22 44 76 84 100 124 141 164 195 218 226 252 261 288 302 332 345 366 393 411 430 459 479 484 510 
17 23 45 77 85 101 125 142 165 196 219 227 253 262 289 303 333 346 367 394 412 431 440 460 485 511 
18 24 46 78 86 102 126 143 166 197 200 228 254 263 290 304 334 347 368 395 413 432 441 461 486 512 
19 25 47 79 87 103 127 144 167 198 201 229 255 264 291 305 335 348 369 396 414 433 442 462 487 513 
0 26 48 60 88 104 128 145 168 199 202 230 256 265 292 306 336 349 370 397 415 434 443 463 488 514 
1 27 49 61 89 105 129 146 169 180 203 231 257 266 293 307 337 350 371 398 416 435 444 464 489 515 
2 28 50 62 90 106 130 147 170 181 204 232 258 267 294 308 338 351 372 399 417 436 445 465 490 516 
3 29 51 63 91 107 131 148 171 182 205 233 259 268 295 309 339 352 373 380 418 437 446 466 491 517 
4 30 52 64 92 108 132 149 172 183 206 234 240 269 296 310 320 353 374 381 419 438 447 467 492 518 
5 31 53 65 93 109 133 150 173 184 207 235 241 270 297 311 321 354 375 382 400 439 448 468 493 519 
6 32 54 66 94 110 134 151 174 185 208 236 242 271 298 312 322 355 376 383 401 420 449 469 494 500 
7 33 55 67 95 111 135 152 175 186 209 237 243 272 299 313 323 356 377 384 402 421 450 470 495 501 
8 34 56 68 96 112 136 153 176 187 210 238 244 273 280 314 324 357 378 385 403 422 451 471 496 502 
9 35 57 69 97 113 137 154 177 188 211 239 245 274 281 315 325 358 379 386 404 423 452 472 497 503 
10 36 58 70 98 114 138 155 178 189 212 220 246 275 282 316 326 359 360 387 405 424 453 473 498 504 
14 38 55 72 80 104 139 159 165 198 204 224 255 263 291 318 335 359 371 391 406 431 448 478 497 514 
15 39 56 73 81 105 120 140 166 199 205 225 256 264 292 319 336 340 372 392 407 432 449 479 498 515 
16 20 57 74 82 106 121 141 167 180 206 226 257 265 293 300 337 341 373 393 408 433 450 460 499 516 
17 21 58 75 83 107 122 142 168 181 207 227 258 266 294 301 338 342 374 394 409 434 451 461 480 517 
18 22 59 76 84 108 123 143 169 182 208 228 259 267 295 302 339 343 375 395 410 435 452 462 481 518 
19 23 40 77 85 109 124 144 170 183 209 229 240 268 296 303 320 344 376 396 411 436 453 463 482 519 
0 24 41 78 86 110 125 145 171 184 210 230 241 269 297 304 321 345 377 397 412 437 454 464 483 500 
1 25 42 79 87 111 126 146 172 185 211 231 242 270 298 305 322 346 378 398 413 438 455 465 484 501 
2 26 43 60 88 112 127 147 173 186 212 232 243 271 299 306 323 347 379 399 414 439 456 466 485 502 
3 27 44 61 89 113 128 148 174 187 213 233 244 272 280 307 324 348 360 380 415 420 457 467 486 503 
4 28 45 62 90 114 129 149 175 188 214 234 245 273 281 308 325 349 361 381 416 421 458 468 487 504 
5 29 46 63 91 115 130 150 176 189 215 235 246 274 282 309 326 350 362 382 417 422 459 469 488 505 
6 30 47 64 92 116 131 151 177 190 216 236 247 275 283 310 327 351 363 383 418 423 440 470 489 506 
7 31 48 65 93 117 132 152 178 191 217 237 248 276 284 311 328 352 364 384 419 424 441 471 490 507 
8 32 49 66 94 118 133 153 179 192 218 238 249 277 285 312 329 353 365 385 400 425 442 472 491 508 
9 33 50 67 95 119 134 154 160 193 219 239 250 278 286 313 330 354 366 386 401 426 443 473 492 509 
10 34 51 68 96 100 135 155 161 194 200 220 251 279 287 314 331 355 367 387 402 427 444 474 493 510 
11 35 52 69 97 101 136 156 162 195 201 221 252 260 288 315 332 356 368 388 403 428 445 475 494 511 
12 36 53 70 98 102 137 157 163 196 202 222 253 261 289 316 333 357 369 389 404 429 446 476 495 512 
13 37 54 71 99 103 138 158 164 197 203 223 254 262 290 317 334 358 370 390 405 430 447 477 496 513 
16 24 58 65 87 110 123 152 175 193 209 234 242 264 283 300 325 348 360 390 419 425 459 460 493 515 
17 25 59 66 88 111 124 153 176 194 210 235 243 265 284 301 326 349 361 391 400 426 440 461 494 516 
18 26 40 67 89 112 125 154 177 195 211 236 244 266 285 302 327 350 362 392 401 427 441 462 495 517 
19 27 41 68 90 113 126 155 178 196 212 237 245 267 286 303 328 351 363 393 402 428 442 463 496 518 
0 28 42 69 91 114 127 156 179 197 213 238 246 268 287 304 329 352 364 394 403 429 443 464 497 519 
1 29 43 70 92 115 128 157 160 198 214 239 247 269 288 305 330 353 365 395 404 430 444 465 498 500 
2 30 44 71 93 116 129 158 161 199 215 220 248 270 289 306 331 354 366 396 405 431 445 466 499 501 
3 31 45 72 94 117 130 159 162 180 216 221 249 271 290 307 332 355 367 397 406 432 446 467 480 502 
4 32 46 73 95 118 131 140 163 181 217 222 250 272 291 308 333 356 368 398 407 433 447 468 481 503 
5 33 47 74 96 119 132 141 164 182 218 223 251 273 292 309 334 357 369 399 408 434 448 469 482 504 
6 34 48 75 97 100 133 142 165 183 219 224 252 274 293 310 335 358 370 380 409 435 449 470 483 505 
7 35 49 76 98 101 134 143 166 184 200 225 253 275 294 311 336 359 371 381 410 436 450 471 484 506 
8 36 50 77 99 102 135 144 167 185 201 226 254 276 295 312 337 340 372 382 411 437 451 472 485 507 
9 37 51 78 80 103 136 145 168 186 202 227 255 277 296 313 338 341 373 383 412 438 452 473 486 508 
10 38 52 79 81 104 137 146 169 187 203 228 256 278 297 314 339 342 374 384 413 439 453 474 487 509 
11 39 53 60 82 105 138 147 170 188 204 229 257 279 298 315 320 343 375 385 414 420 454 475 488 510 
12 20 54 61 83 106 139 148 171 189 205 230 258 260 299 316 321 344 376 386 415 421 455 476 489 511 
13 21 55 62 84 107 120 149 172 190 206 231 259 261 280 317 322 345 377 387 416 422 456 477 490 512 
14 22 56 63 85 108 121 150 173 191 207 232 240 262 281 318 323 346 378 388 417 423 457 478 491 513 
15 23 57 64 86 109 122 151 174 192 208 233 241 263 282 319 324 347 379 389 418 424 458 479 492 514 
11 34 43 78 99 100 133 157 162 180 217 236 245 269 282 305 334 345 366 390 402 432 455 472 492 511 
12 35 44 79 80 101 134 158 163 181 218 237 246 270 283 306 335 346 367 391 403 433 456 473 493 512 
13 36 45 60 81 102 135 159 164 182 219 238 247 271 284 307 336 347 368 392 404 434 457 474 494 513 
14 37 46 61 82 103 136 140 165 183 200 239 248 272 285 308 337 348 369 393 405 435 458 475 495 514 
15 38 47 62 83 104 137 141 166 184 201 220 249 273 286 309 338 349 370 394 406 436 459 476 496 515 
16 39 48 63 84 105 138 142 167 185 202 221 250 274 287 310 339 350 371 395 407 437 440 477 497 516 
17 20 49 64 85 106 139 143 168 186 203 222 251 275 288 311 320 351 372 396 408 438 441 478 498 517 
18 21 50 65 86 107 120 144 169 187 204 223 252 276 289 312 321 352 373 397 409 439 442 479 499 518 
19 22 51 66 87 108 121 145 170 188 205 224 253 277 290 313 322 353 374 398 410 420 443 460 480 519 
0 23 52 67 88 109 122 146 171 189 206 225 254 278 291 314 323 354 375 399 411 421 444 461 481 500 
1 24 53 68 89 110 123 147 172 190 207 226 255 279 292 315 324 355 376 380 412 422 445 462 482 501 
2 25 54 69 90 111 124 148 173 191 208 227 256 260 293 316 325 356 377 381 413 423 446 463 483 502 
3 26 55 70 91 112 125 149 174 192 209 228 257 261 294 317 326 357 378 382 414 424 447 464 484 503 
4 27 56 71 92 113 126 150 175 193 210 229 258 262 295 318 327 358 379 383 415 425 448 465 485 504 
5 28 57 72 93 114 127 151 176 194 211 230 259 263 296 319 328 359 360 384 416 426 449 466 486 505 
6 29 58 73 94 115 128 152 177 195 212 231 240 264 297 300 329 340 361 385 417 427 450 467 487 506 
7 30 59 74 95 116 129 153 178 196 213 232 241 265 298 301 330 341 362 386 418 428 451 468 488 507 
8 31 40 75 96 117 130 154 179 197 214 233 242 266 299 302 331 342 363 387 419 429 452 469 489 508 
9 32 41 76 97 118 131 155 160 198 215 234 243 267 280 303 332 343 364 388 400 430 453 470 490 509 
10 33 42 77 98 119 132 156 161 199 216 235 244 268 281 304 333 344 365 389 401 431 454 471 491 510 
18 31 51 64 99 115 129 140 171 188 217 224 255 272 294 313 325 352 372 388 414 439 443 461 486 515 
19 32 52 65 80 116 130 141 172 189 218 225 256 273 295 314 326 353 373 389 415 420 444 462 487 516 
0 33 53 66 81 117 131 142 173 190 219 226 257 274 296 315 327 354 374 390 416 421 445 463 488 517 
1 34 54 67 82 118 132 143 174 191 200 227 258 275 297 316 328 355 375 391 417 422 446 464 489 518 
2 35 55 68 83 119 133 144 175 192 201 228 259 276 298 317 329 356 376 392 418 423 447 465 490 519 
3 36 56 69 84 100 134 145 176 193 202 229 240 277 299 318 330 357 377 393 419 424 448 466 491 500 
4 37 57 70 85 101 135 146 177 194 203 230 241 278 280 319 331 358 378 394 400 425 449 467 492 501 
5 38 58 71 86 102 136 147 178 195 204 231 242 279 281 300 332 359 379 395 401 426 450 468 493 502 
6 39 59 72 87 103 137 148 179 196 205 232 243 260 282 301 333 340 360 396 402 427 451 469 494 503 
7 20 40 73 88 104 138 149 160 197 206 233 244 261 283 302 334 341 361 397 403 428 452 470 495 504 
8 21 41 74 89 105 139 150 161 198 207 234 245 262 284 303 335 342 362 398 404 429 453 471 496 505 
9 22 42 75 90 106 120 151 162 199 208 235 246 263 285 304 336 343 363 399 405 430 454 472 497 506 
10 23 43 76 91 107 121 152 163 180 209 236 247 264 286 305 337 344 364 380 406 431 455 473 498 507 
11 24 44 77 92 108 122 153 164 181 210 237 248 265 287 306 338 345 365 381 407 432 456 474 499 508 
12 25 45 78 93 109 123 154 165 182 211 238 249 266 288 307 339 346 366 382 408 433 457 475 480 509 
13 26 46 79 94 110 124 155 166 183 212 239 250 267 289 308 320 347 367 383 409 434 458 476 481 510 
14 27 47 60 95 111 125 156 167 184 213 220 251 268 290 309 321 348 368 384 410 435 459 477 482 511 
15 28 48 61 96 112 126 157 168 185 214 221 252 269 291 310 322 349 369 385 411 436 440 478 483 512 
16 29 49 62 97 113 127 158 169 186 215 222 253 270 292 311 323 350 370 386 412 437 441 479 484 513 
17 30 50 63 98 114 128 159 170 187 216 223 254 271 293 312 324 351 371 387 413 438 442 460 485 514 
6 34 44 78 95 112 139 159 167 188 212 236 248 276 294 318 333 349 361 380 412 426 449 462 484 501 
7 35 45 79 96 113 120 140 168 189 213 237 249 277 295 319 334 350 362 381 413 427 450 463 485 502 
8 36 46 60 97 114 121 141 169 190 214 238 250 278 296 300 335 351 363 382 414 428 451 464 486 503 
9 37 47 61 98 115 122 142 170 191 215 239 251 279 297 301 336 352 364 383 415 429 452 465 487 504 
10 38 48 62 99 116 123 143 171 192 216 220 252 260 298 302 337 353 365 384 416 430 453 466 488 505 
11 39 49 63 80 117 124 144 172 193 217 221 253 261 299 303 338 354 366 385 417 431 454 467 489 506 
12 20 50 64 81 118 125 145 173 194 218 222 254 262 280 304 339 355 367 386 418 432 455 468 490 507 
13 21 51 65 82 119 126 146 174 195 219 223 255 263 281 305 320 356 368 387 419 433 456 469 491 508 
14 22 52 66 83 100 127 147 175 196 200 224 256 264 282 306 321 357 369 388 400 434 457 470 492 509 
15 23 53 67 84 101 128 148 176 197 201 225 257 265 283 307 322 358 370 389 401 435 458 471 493 510 
16 24 54 68 85 102 129 149 177 198 202 226 258 266 284 308 323 359 371 390 402 436 459 472 494 511 
17 25 55 69 86 103 130 150 178 199 203 227 259 267 285 309 324 340 372 391 403 437 440 473 495 512 
18 26 56 70 87 104 131 151 179 180 204 228 240 268 286 310 325 341 373 392 404 438 441 474 496 513 
19 27 57 71 88 105 132 152 160 181 205 229 241 269 287 311 326 342 374 393 405 439 442 475 497 514 
0 28 58 72 89 106 133 153 161 182 206 230 242 270 288 312 327 343 375 394 406 420 443 476 498 515 
1 29 59 73 90 107 134 154 162 183 207 231 243 271 289 313 328 344 376 395 407 421 444 477 499 516 
2 30 40 74 91 108 135 155 163 184 208 232 244 272 290 314 329 345 377 396 408 422 445 478 480 517 
3 31 41 75 92 109 136 156 164 185 209 233 245 273 291 315 330 346 378 397 409 423 446 479 481 518 
4 32 42 76 93 110 137 157 165 186 210 234 246 274 292 316 331 347 379 398 410 424 447 460 482 519 
5 33 43 77 94 111 138 158 166 187 211 235 247 275 293 317 332 348 360 399 411 425 448 461 483 500 
14 37 52 78 92 115 122 147 163 198 219 232 257 279 280 302 332 359 375 386 407 421 446 465 498 515 
15 38 53 79 93 116 123 148 164 199 200 233 258 260 281 303 333 340 376 387 408 422 447 466 499 516 
16 39 54 60 94 117 124 149 165 180 201 234 259 261 282 304 334 341 377 388 409 423 448 467 480 517 
17 20 55 61 95 118 125 150 166 181 202 235 240 262 283 305 335 342 378 389 410 424 449 468 481 518 
18 21 56 62 96 119 126 151 167 182 203 236 241 263 284 306 336 343 379 390 411 425 450 469 482 519 
19 22 57 63 97 100 127 152 168 183 204 237 242 264 285 307 337 344 360 391 412 426 451 470 483 500 
0 23 58 64 98 101 128 153 169 184 205 238 243 265 286 308 338 345 361 392 413 427 452 471 484 501 
1 24 59 65 99 102 129 154 170 185 206 239 244 266 287 309 339 346 362 393 414 428 453 472 485 502 
2 25 40 66 80 103 130 155 171 186 207 220 245 267 288 310 320 347 363 394 415 429 454 473 486 503 
3 26 41 67 81 104 131 156 172 187 208 221 246 268 289 311 321 348 364 395 416 430 455 474 487 504 
4 27 42 68 82 105 132 157 173 188 209 222 247 269 290 312 322 349 365 396 417 431 456 475 488 505 
5 28 43 69 83 106 133 158 174 189 210 223 248 270 291 313 323 350 366 397 418 432 457 476 489 506 
6 29 44 70 84 107 134 159 175 190 211 224 249 271 292 314 324 351 367 398 419 433 458 477 490 507 
7 30 45 71 85 108 135 140 176 191 212 225 250 272 293 315 325 352 368 399 400 434 459 478 491 508 
8 31 46 72 86 109 136 141 177 192 213 226 251 273 294 316 326 353 369 380 401 435 440 479 492 509 
9 32 47 73 87 110 137 142 178 193 214 227 252 274 295 317 327 354 370 381 402 436 441 460 493 510 
10 33 48 74 88 111 138 143 179 194 215 228 253 275 296 318 328 355 371 382 403 437 442 461 494 511 
11 34 49 75 89 112 139 144 160 195 216 229 254 276 297 319 329 356 372 383 404 438 443 462 495 512 
12 35 50 76 90 113 120 145 161 196 217 230 255 277 298 300 330 357 373 384 405 439 444 463 496 513 
13 36 51 77 91 114 121 146 162 197 218 231 256 278 299 301 331 358 374 385 406 420 445 464 497 514 
2 38 57 76 89 105 134 141 160 196 206 235 240 262 293 313 324 348 369 397 403 435 453 479 491 518 
3 39 58 77 90 106 135 142 161 197 207 236 241 263 294 314 325 349 370 398 404 436 454 460 492 519 
4 20 59 78 91 107 136 143 162 198 208 237 242 264 295 315 326 350 371 399 405 437 455 461 493 500 
5 21 40 79 92 108 137 144 163 199 209 238 243 265 296 316 327 351 372 380 406 438 456 462 494 501 
6 22 41 60 93 109 138 145 164 180 210 239 244 266 297 317 328 352 373 381 407 439 457 463 495 502 
7 23 42 61 94 110 139 146 165 181 211 220 245 267 298 318 329 353 374 382 408 420 458 464 496 503 
8 24 43 62 95 111 120 147 166 182 212 221 246 268 299 319 330 354 375 383 409 421 459 465 497 504 
9 25 44 63 96 112 121 148 167 183 213 222 247 269 280 300 331 355 376 384 410 422 440 466 498 505 
10 26 45 64 97 113 122 149 168 184 214 223 248 270 281 301 332 356 377 385 411 423 441 467 499 506 
11 27 46 65 98 114 123 150 169 185 215 224 249 271 282 302 333 357 378 386 412 424 442 468 480 507 
12 28 47 66 99 115 124 151 170 186 216 225 250 272 283 303 334 358 379 387 413 425 443 469 481 508 
13 29 48 67 80 116 125 152 171 187 217 226 251 273 284 304 335 359 360 388 414 426 444 470 482 509 
14 30 49 68 81 117 126 153 172 188 218 227 252 274 285 305 336 340 361 389 415 427 445 471 483 510 
15 31 50 69 82 118 127 154 173 189 219 228 253 275 286 306 337 341 362 390 416 428 446 472 484 511 
16 32 51 70 83 119 128 155 174 190 200 229 254 276 287 307 338 342 363 391 417 429 447 473 485 512 
17 33 52 71 84 100 129 156 175 191 201 230 255 277 288 308 339 343 364 392 418 430 448 474 486 513 
18 34 53 72 85 101 130 157 176 192 202 231 256 278 289 309 320 344 365 393 419 431 449 475 487 514 
19 35 54 73 86 102 131 158 177 193 203 232 257 279 290 310 321 345 366 394 400 432 450 476 488 515 
0 36 55 74 87 103 132 159 178 194 204 233 258 260 291 311 322 346 367 395 401 433 451 477 489 516 
1 37 56 75 88 104 133 140 179 195 205 234 259 261 292 312 323 347 368 396 402 434 452 478 490 517 
10 37 56 66 93 118 121 143 172 180 205 226 258 278 299 314 331 353 376 397 403 430 455 465 487 519 
11 38 57 67 94 119 122 144 173 181 206 227 259 279 280 315 332 354 377 398 404 431 456 466 488 500 
12 39 58 68 95 100 123 145 174 182 207 228 240 260 281 316 333 355 378 399 405 432 457 467 489 501 
13 20 59 69 96 101 124 146 175 183 208 229 241 261 282 317 334 356 379 380 406 433 458 468 490 502 
14 21 40 70 97 102 125 147 176 184 209 230 242 262 283 318 335 357 360 381 407 434 459 469 491 503 
15 22 41 71 98 103 126 148 177 185 210 231 243 263 284 319 336 358 361 382 408 435 440 470 492 504 
16 23 42 72 99 104 127 149 178 186 211 232 244 264 285 300 337 359 362 383 409 436 441 471 493 505 
17 24 43 73 80 105 128 150 179 187 212 233 245 265 286 301 338 340 363 384 410 437 442 472 494 506 
18 25 44 74 81 106 129 151 160 188 213 234 246 266 287 302 339 341 364 385 411 438 443 473 495 507 
19 26 45 75 82 107 130 152 161 189 214 235 247 267 288 303 320 342 365 386 412 439 444 474 496 508 
0 27 46 76 83 108 131 153 162 190 215 236 248 268 289 304 321 343 366 387 413 420 445 475 497 509 
1 28 47 77 84 109 132 154 163 191 216 237 249 269 290 305 322 344 367 388 414 421 446 476 498 510 
2 29 48 78 85 110 133 155 164 192 217 238 250 270 291 306 323 345 368 389 415 422 447 477 499 511 
3 30 49 79 86 111 134 156 165 193 218 239 251 271 292 307 324 346 369 390 416 423 448 478 480 512 
4 31 50 60 87 112 135 157 166 194 219 220 252 272 293 308 325 347 370 391 417 424 449 479 481 513 
5 32 51 61 88 113 136 158 167 195 200 221 253 273 294 309 326 348 371 392 418 425 450 460 482 514 
6 33 52 62 89 114 137 159 168 196 201 222 254 274 295 310 327 349 372 393 419 426 451 461 483 515 
7 34 53 63 90 115 138 140 169 197 202 223 255 275 296 311 328 350 373 394 400 427 452 462 484 516 
8 35 54 64 91 116 139 141 170 198 203 224 256 276 297 312 329 351 374 395 401 428 453 463 485 517 
9 36 55 65 92 117 120 142 171 199 204 225 257 277 298 313 330 352 375 396 402 429 454 464 486 518 
17 31 55 69 82 102 139 155 178 182 211 229 246 263 286 301 322 354 370 391 408 434 441 474 488 517 
18 32 56 70 83 103 120 156 179 183 212 230 247 264 287 302 323 355 371 392 409 435 442 475 489 518 
19 33 57 71 84 104 121 157 160 184 213 231 248 265 288 303 324 356 372 393 410 436 443 476 490 519 
0 34 58 72 85 105 122 158 161 185 214 232 249 266 289 304 325 357 373 394 411 437 444 477 491 500 
1 35 59 73 86 106 123 159 162 186 215 233 250 267 290 305 326 358 374 395 412 438 445 478 492 501 
2 36 40 74 87 107 124 140 163 187 216 234 251 268 291 306 327 359 375 396 413 439 446 479 493 502 
3 37 41 75 88 108 125 141 164 188 217 235 252 269 292 307 328 340 376 397 414 420 447 460 494 503 
4 38 42 76 89 109 126 142 165 189 218 236 253 270 293 308 329 341 377 398 415 421 448 461 495 504 
5 39 43 77 90 110 127 143 166 190 219 237 254 271 294 309 330 342 378 399 416 422 449 462 496 505 
6 20 44 78 91 111 128 144 167 191 200 238 255 272 295 310 331 343 379 380 417 423 450 463 497 506 
7 21 45 79 92 112 129 145 168 192 201 239 256 273 296 311 332 344 360 381 418 424 451 464 498 507 
8 22 46 60 93 113 130 146 169 193 202 220 257 274 297 312 333 345 361 382 419 425 452 465 499 508 
9 23 47 61 94 114 131 147 170 194 203 221 258 275 298 313 334 346 362 383 400 426 453 466 480 509 
10 24 48 62 95 115 132 148 171 195 204 222 259 276 299 314 335 347 363 384 401 427 454 467 481 510 
11 25 49 63 96 116 133 149 172 196 205 223 240 277 280 315 336 348 364 385 402 428 455 468 482 511 
12 26 50 64 97 117 134 150 173 197 206 224 241 278 281 316 337 349 365 386 403 429 456 469 483 512 
13 27 51 65 98 118 135 151 174 198 207 225 242 279 282 317 338 350 366 387 404 430 457 470 484 513 
14 28 52 66 99 119 136 152 175 199 208 226 243 260 283 318 339 351 367 388 405 431 458 471 485 514 
15 29 53 67 80 100 137 153 176 180 209 227 244 261 284 319 320 352 368 389 406 432 459 472 486 515 
16 30 54 68 81 101 138 154 177 181 210 228 245 262 285 300 321 353 369 390 407 433 440 473 487 516 
4 21 40 69 97 110 137 142 172 199 217 229 244 273 291 315 332 347 371 396 402 423 443 469 492 509 
5 22 41 70 98 111 138 143 173 180 218 230 245 274 292 316 333 348 372 397 403 424 444 470 493 510 
6 23 42 71 99 112 139 144 174 181 219 231 246 275 293 317 334 349 373 398 404 425 445 471 494 511 
7 24 43 72 80 113 120 145 175 182 200 232 247 276 294 318 335 350 374 399 405 426 446 472 495 512 
8 25 44 73 81 114 121 146 176 183 201 233 248 277 295 319 336 351 375 380 406 427 447 473 496 513 
9 26 45 74 82 115 122 147 177 184 202 234 249 278 296 300 337 352 376 381 407 428 448 474 497 514 
10 27 46 75 83 116 123 148 178 185 203 235 250 279 297 301 338 353 377 382 408 429 449 475 498 515 
11 28 47 76 84 117 124 149 179 186 204 236 251 260 298 302 339 354 378 383 409 430 450 476 499 516 
12 29 48 77 85 118 125 150 160 187 205 237 252 261 299 303 320 355 379 384 410 431 451 477 480 517 
13 30 49 78 86 119 126 151 161 188 206 238 253 262 280 304 321 356 360 385 411 432 452 478 481 518 
14 31 50 79 87 100 127 152 162 189 207 239 254 263 281 305 322 357 361 386 412 433 453 479 482 519 
15 32 51 60 88 101 128 153 163 190 208 220 255 264 282 306 323 358 362 387 413 434 454 460 483 500 
16 33 52 61 89 102 129 154 164 191 209 221 256 265 283 307 324 359 363 388 414 435 455 461 484 501 
17 34 53 62 90 103 130 155 165 192 210 222 257 266 284 308 325 340 364 389 415 436 456 462 485 502 
18 35 54 63 91 104 131 156 166 193 211 223 258 267 285 309 326 341 365 390 416 437 457 463 486 503 
19 36 55 64 92 105 132 157 167 194 212 224 259 268 286 310 327 342 366 391 417 438 458 464 487 504 
0 37 56 65 93 106 133 158 168 195 213 225 240 269 287 311 328 343 367 392 418 439 459 465 488 505 
1 38 57 66 94 107 134 159 169 196 214 226 241 270 288 312 329 344 368 393 419 420 440 466 489 506 
2 39 58 67 95 108 135 140 170 197 215 227 242 271 289 313 330 345 369 394 400 421 441 467 490 507 
3 20 59 68 96 109 136 141 171 198 216 228 243 272 290 314 331 346 370 395 401 422 442 468 491 508 
0 26 43 65 97 118 139 147 177 196 217 234 258 270 283 306 329 347 376 393 413 438 441 464 487 500 
1 27 44 66 98 119 120 148 178 197 218 235 259 271 284 307 330 348 377 394 414 439 442 465 488 501 
2 28 45 67 99 100 121 149 179 198 219 236 240 272 285 308 331 349 378 395 415 420 443 466 489 502 
3 29 46 68 80 101 122 150 160 199 200 237 241 273 286 309 332 350 379 396 416 421 444 467 490 503 
4 30 47 69 81 102 123 151 161 180 201 238 242 274 287 310 333 351 360 397 417 422 445 468 491 504 
5 31 48 70 82 103 124 152 162 181 202 239 243 275 288 311 334 352 361 398 418 423 446 469 492 505 
6 32 49 71 83 104 125 153 163 182 203 220 244 276 289 312 335 353 362 399 419 424 447 470 493 506 
7 33 50 72 84 105 126 154 164 183 204 221 245 277 290 313 336 354 363 380 400 425 448 471 494 507 
8 34 51 73 85 106 127 155 165 184 205 222 246 278 291 314 337 355 364 381 401 426 449 472 495 508 
9 35 52 74 86 107 128 156 166 185 206 223 247 279 292 315 338 356 365 382 402 427 450 473 496 509 
10 36 53 75 87 108 129 157 167 186 207 224 248 260 293 316 339 357 366 383 403 428 451 474 497 510 
11 37 54 76 88 109 130 158 168 187 208 225 249 261 294 317 320 358 367 384 404 429 452 475 498 511 
12 38 55 77 89 110 131 159 169 188 209 226 250 262 295 318 321 359 368 385 405 430 453 476 499 512 
13 39 56 78 90 111 132 140 170 189 210 227 251 263 296 319 322 340 369 386 406 431 454 477 480 513 
14 20 57 79 91 112 133 141 171 190 211 228 252 264 297 300 323 341 370 387 407 432 455 478 481 514 
15 21 58 60 92 113 134 142 172 191 212 229 253 265 298 301 324 342 371 388 408 433 456 479 482 515 
16 22 59 61 93 114 135 143 173 192 213 230 254 266 299 302 325 343 372 389 409 434 457 460 483 516 
17 23 40 62 94 115 136 144 174 193 214 231 255 267 280 303 326 344 373 390 410 435 458 461 484 517 
18 24 41 63 95 116 137 145 175 194 215 232 256 268 281 304 327 345 374 391 411 436 459 462 485 518 
19 25 42 64 96 117 138 146 176 195 216 233 257 269 282 305 328 346 375 392 412 437 440 463 486 519 
5 28 59 70 97 112 129 150 177 183 218 234 250 275 283 318 326 352 365 382 418 434 447 464 487 500 
6 29 40 71 98 113 130 151 178 184 219 235 251 276 284 319 327 353 366 383 419 435 448 465 488 501 
7 30 41 72 99 114 131 152 179 185 200 236 252 277 285 300 328 354 367 384 400 436 449 466 489 502 
8 31 42 73 80 115 132 153 160 186 201 237 253 278 286 301 329 355 368 385 401 437 450 467 490 503 
9 32 43 74 81 116 133 154 161 187 202 238 254 279 287 302 330 356 369 386 402 438 451 468 491 504 
10 33 44 75 82 117 134 155 162 188 203 239 255 260 288 303 331 357 370 387 403 439 452 469 492 505 
11 34 45 76 83 118 135 156 163 189 204 220 256 261 289 304 332 358 371 388 404 420 453 470 493 506 
12 35 46 77 84 119 136 157 164 190 205 221 257 262 290 305 333 359 372 389 405 421 454 471 494 507 
13 36 47 78 85 100 137 158 165 191 206 222 258 263 291 306 334 340 373 390 406 422 455 472 495 508 
14 37 48 79 86 101 138 159 166 192 207 223 259 264 292 307 335 341 374 391 407 423 456 473 496 509 
15 38 49 60 87 102 139 140 167 193 208 224 240 265 293 308 336 342 375 392 408 424 457 474 497 510 
16 39 50 61 88 103 120 141 168 194 209 225 241 266 294 309 337 343 376 393 409 425 458 475 498 511 
17 20 51 62 89 104 121 142 169 195 210 226 242 267 295 310 338 344 377 394 410 426 459 476 499 512 
18 21 52 63 90 105 122 143 170 196 211 227 243 268 296 311 339 345 378 395 411 427 440 477 480 513 
19 22 53 64 91 106 123 144 171 197 212 228 244 269 297 312 320 346 379 396 412 428 441 478 481 514 
0 23 54 65 92 107 124 145 172 198 213 229 245 270 298 313 321 347 360 397 413 429 442 479 482 515 
1 24 55 66 93 108 125 146 173 199 214 230 246 271 299 314 322 348 361 398 414 430 443 460 483 516 
2 25 56 67 94 109 126 147 174 180 215 231 247 272 280 315 323 349 362 399 415 431 444 461 484 517 
3 26 57 68 95 110 127 148 175 181 216 232 248 273 281 316 324 350 363 380 416 432 445 462 485 518 
4 27 58 69 96 111 128 149 176 182 217 233 249 274 282 317 325 351 364 381 417 433 446 463 486 519 
2 38 54 67 88 112 135 140 175 182 212 222 242 267 295 318 334 359 370 394 414 430 456 472 489 511 
3 39 55 68 89 113 136 141 176 183 213 223 243 268 296 319 335 340 371 395 415 431 457 473 490 512 
4 20 56 69 90 114 137 142 177 184 214 224 244 269 297 300 336 341 372 396 416 432 458 474 491 513 
5 21 57 70 91 115 138 143 178 185 215 225 245 270 298 301 337 342 373 397 417 433 459 475 492 514 
6 22 58 71 92 116 139 144 179 186 216 226 246 271 299 302 338 343 374 398 418 434 440 476 493 515 
7 23 59 72 93 117 120 145 160 187 217 227 247 272 280 303 339 344 375 399 419 435 441 477 494 516 
8 24 40 73 94 118 121 146 161 188 218 228 248 273 281 304 320 345 376 380 400 436 442 478 495 517 
9 25 41 74 95 119 122 147 162 189 219 229 249 274 282 305 321 346 377 381 401 437 443 479 496 518 
10 26 42 75 96 100 123 148 163 190 200 230 250 275 283 306 322 347 378 382 402 438 444 460 497 519 
11 27 43 76 97 101 124 149 164 191 201 231 251 276 284 307 323 348 379 383 403 439 445 461 498 500 
12 28 44 77 98 102 125 150 165 192 202 232 252 277 285 308 324 349 360 384 404 420 446 462 499 501 
13 29 45 78 99 103 126 151 166 193 203 233 253 278 286 309 325 350 361 385 405 421 447 463 480 502 
14 30 46 79 80 104 127 152 167 194 204 234 254 279 287 310 326 351 362 386 406 422 448 464 481 503 
15 31 47 60 81 105 128 153 168 195 205 235 255 260 288 311 327 352 363 387 407 423 449 465 482 504 
16 32 48 61 82 106 129 154 169 196 206 236 256 261 289 312 328 353 364 388 408 424 450 466 483 505 
17 33 49 62 83 107 130 155 170 197 207 237 257 262 290 313 329 354 365 389 409 425 451 467 484 506 
18 34 50 63 84 108 131 156 171 198 208 238 258 263 291 314 330 355 366 390 410 426 452 468 485 507 
19 35 51 64 85 109 132 157 172 199 209 239 259 264 292 315 331 356 367 391 411 427 453 469 486 508 
0 36 52 65 86 110 133 158 173 180 210 220 240 265 293 316 332 357 368 392 412 428 454 470 487 509 
1 37 53 66 87 111 134 159 174 181 211 221 241 266 294 317 333 358 369 393 413 429 455 471 488 510 
19 29 55 76 99 118 128 154 178 193 206 230 254 279 282 316 334 344 363 399 402 427 455 470 492 502 
0 30 56 77 80 119 129 155 179 194 207 231 255 260 283 317 335 345 364 380 403 428 456 471 493 503 
1 31 57 78 81 100 130 156 160 195 208 232 256 261 284 318 336 346 365 381 404 429 457 472 494 504 
2 32 58 79 82 101 131 157 161 196 209 233 257 262 285 319 337 347 366 382 405 430 458 473 495 505 
3 33 59 60 83 102 132 158 162 197 210 234 258 263 286 300 338 348 367 383 406 431 459 474 496 506 
4 34 40 61 84 103 133 159 163 198 211 235 259 264 287 301 339 349 368 384 407 432 440 475 497 507 
5 35 41 62 85 104 134 140 164 199 212 236 240 265 288 302 320 350 369 385 408 433 441 476 498 508 
6 36 42 63 86 105 135 141 165 180 213 237 241 266 289 303 321 351 370 386 409 434 442 477 499 509 
7 37 43 64 87 106 136 142 166 181 214 238 242 267 290 304 322 352 371 387 410 435 443 478 480 510 
8 38 44 65 88 107 137 143 167 182 215 239 243 268 291 305 323 353 372 388 411 436 444 479 481 511 
9 39 45 66 89 108 138 144 168 183 216 220 244 269 292 306 324 354 373 389 412 437 445 460 482 512 
10 20 46 67 90 109 139 145 169 184 217 221 245 270 293 307 325 355 374 390 413 438 446 461 483 513 
11 21 47 68 91 110 120 146 170 185 218 222 246 271 294 308 326 356 375 391 414 439 447 462 484 514 
12 22 48 69 92 111 121 147 171 186 219 223 247 272 295 309 327 357 376 392 415 420 448 463 485 515 
13 23 49 70 93 112 122 148 172 187 200 224 248 273 296 310 328 358 377 393 416 421 449 464 486 516 
14 24 50 71 94 113 123 149 173 188 201 225 249 274 297 311 329 359 378 394 417 422 450 465 487 517 
15 25 51 72 95 114 124 150 174 189 202 226 250 275 298 312 330 340 379 395 418 423 451 466 488 518 
16 26 52 73 96 115 125 151 175 190 203 227 251 276 299 313 331 341 360 396 419 424 452 467 489 519 
17 27 53 74 97 116 126 152 176 191 204 228 252 277 280 314 332 342 361 397 400 425 453 468 490 500 
18 28 54 75 98 117 127 153 177 192 205 229 253 278 281 315 333 343 362 398 401 426 454 469 491 501 
0 28 54 62 80 103 129 145 177 185 200 222 259 278 288 316 338 355 365 380 412 429 442 465 488 514 
1 29 55 63 81 104 130 146 178 186 201 223 240 279 289 317 339 356 366 381 413 430 443 466 489 515 
2 30 56 64 82 105 131 147 179 187 202 224 241 260 290 318 320 357 367 382 414 431 444 467 490 516 
3 31 57 65 83 106 132 148 160 188 203 225 242 261 291 319 321 358 368 383 415 432 445 468 491 517 
4 32 58 66 84 107 133 149 161 189 204 226 243 262 292 300 322 359 369 384 416 433 446 469 492 518 
5 33 59 67 85 108 134 150 162 190 205 227 244 263 293 301 323 340 370 385 417 434 447 470 493 519 
6 34 40 68 86 109 135 151 163 191 206 228 245 264 294 302 324 341 371 386 418 435 448 471 494 500 
7 35 41 69 87 110 136 152 164 192 207 229 246 265 295 303 325 342 372 387 419 436 449 472 495 501 
8 36 42 70 88 111 137 153 165 193 208 230 247 266 296 304 326 343 373 388 400 437 450 473 496 502 
9 37 43 71 89 112 138 154 166 194 209 231 248 267 297 305 327 344 374 389 401 438 451 474 497 503 
10 38 44 72 90 113 139 155 167 195 210 232 249 268 298 306 328 345 375 390 402 439 452 475 498 504 
11 39 45 73 91 114 120 156 168 196 211 233 250 269 299 307 329 346 376 391 403 420 453 476 499 505 
12 20 46 74 92 115 121 157 169 197 212 234 251 270 280 308 330 347 377 392 404 421 454 477 480 506 
13 21 47 75 93 116 122 158 170 198 213 235 252 271 281 309 331 348 378 393 405 422 455 478 481 507 
14 22 48 76 94 117 123 159 171 199 214 236 253 272 282 310 332 349 379 394 406 423 456 479 482 508 
15 23 49 77 95 118 124 140 172 180 215 237 254 273 283 311 333 350 360 395 407 424 457 460 483 509 
16 24 50 78 96 119 125 141 173 181 216 238 255 274 284 312 334 351 361 396 408 425 458 461 484 510 
17 25 51 79 97 100 126 142 174 182 217 239 256 275 285 313 335 352 362 397 409 426 459 462 485 511 
18 26 52 60 98 101 127 143 175 183 218 220 257 276 286 314 336 353 363 398 410 427 440 463 486 512 
19 27 53 61 99 102 128 144 176 184 219 221 258 277 287 315 337 354 364 399 411 428 441 464 487 513 
3 24 44 72 96 114 130 141 174 180 204 236 246 274 298 306 326 351 375 395 417 423 440 479 481 502 
4 25 45 73 97 115 131 142 175 181 205 237 247 275 299 307 327 352 376 396 418 424 441 460 482 503 
5 26 46 74 98 116 132 143 176 182 206 238 248 276 280 308 328 353 377 397 419 425 442 461 483 504 
6 27 47 75 99 117 133 144 177 183 207 239 249 277 281 309 329 354 378 398 400 426 443 462 484 505 
7 28 48 76 80 118 134 145 178 184 208 220 250 278 282 310 330 355 379 399 401 427 444 463 485 506 
8 29 49 77 81 119 135 146 179 185 209 221 251 279 283 311 331 356 360 380 402 428 445 464 486 507 
9 30 50 78 82 100 136 147 160 186 210 222 252 260 284 312 332 357 361 381 403 429 446 465 487 508 
10 31 51 79 83 101 137 148 161 187 211 223 253 261 285 313 333 358 362 382 404 430 447 466 488 509 
11 32 52 60 84 102 138 149 162 188 212 224 254 262 286 314 334 359 363 383 405 431 448 467 489 510 
12 33 53 61 85 103 139 150 163 189 213 225 255 263 287 315 335 340 364 384 406 432 449 468 490 511 
13 34 54 62 86 104 120 151 164 190 214 226 256 264 288 316 336 341 365 385 407 433 450 469 491 512 
14 35 55 63 87 105 121 152 165 191 215 227 257 265 289 317 337 342 366 386 408 434 451 470 492 513 
15 36 56 64 88 106 122 153 166 192 216 228 258 266 290 318 338 343 367 387 409 435 452 471 493 514 
16 37 57 65 89 107 123 154 167 193 217 229 259 267 291 319 339 344 368 388 410 436 453 472 494 515 
17 38 58 66 90 108 124 155 168 194 218 230 240 268 292 300 320 345 369 389 411 437 454 473 495 516 
18 39 59 67 91 109 125 156 169 195 219 231 241 269 293 301 321 346 370 390 412 438 455 474 496 517 
19 20 40 68 92 110 126 157 170 196 200 232 242 270 294 302 322 347 371 391 413 439 456 475 497 518 
0 21 41 69 93 111 127 158 171 197 201 233 243 271 295 303 323 348 372 392 414 420 457 476 498 519 
1 22 42 70 94 112 128 159 172 198 202 234 244 272 296 304 324 349 373 393 415 421 458 477 499 500 
2 23 43 71 95 113 129 140 173 199 203 235 245 273 297 305 325 350 374 394 416 422 459 478 480 501 
8 33 48 73 87 101 130 142 170 187 209 233 248 273 291 302 326 354 374 398 410 420 446 475 485 500 
9 34 49 74 88 102 131 143 171 188 210 234 249 274 292 303 327 355 375 399 411 421 447 476 486 501 
10 35 50 75 89 103 132 144 172 189 211 235 250 275 293 304 328 356 376 380 412 422 448 477 487 502 
11 36 51 76 90 104 133 145 173 190 212 236 251 276 294 305 329 357 377 381 413 423 449 478 488 503 
12 37 52 77 91 105 134 146 174 191 213 237 252 277 295 306 330 358 378 382 414 424 450 479 489 504 
13 38 53 78 92 106 135 147 175 192 214 238 253 278 296 307 331 359 379 383 415 425 451 460 490 505 
14 39 54 79 93 107 136 148 176 193 215 239 254 279 297 308 332 340 360 384 416 426 452 461 491 506 
15 20 55 60 94 108 137 149 177 194 216 220 255 260 298 309 333 341 361 385 417 427 453 462 492 507 
16 21 56 61 95 109 138 150 178 195 217 221 256 261 299 310 334 342 362 386 418 428 454 463 493 508 
17 22 57 62 96 110 139 151 179 196 218 222 257 262 280 311 335 343 363 387 419 429 455 464 494 509 
18 23 58 63 97 111 120 152 160 197 219 223 258 263 281 312 336 344 364 388 400 430 456 465 495 510 
19 24 59 64 98 112 121 153 161 198 200 224 259 264 282 313 337 345 365 389 401 431 457 466 496 511 
0 25 40 65 99 113 122 154 162 199 201 225 240 265 283 314 338 346 366 390 402 432 458 467 497 512 
1 26 41 66 80 114 123 155 163 180 202 226 241 266 284 315 339 347 367 391 403 433 459 468 498 513 
2 27 42 67 81 115 124 156 164 181 203 227 242 267 285 316 320 348 368 392 404 434 440 469 499 514 
3 28 43 68 82 116 125 157 165 182 204 228 243 268 286 317 321 349 369 393 405 435 441 470 480 515 
4 29 44 69 83 117 126 158 166 183 205 229 244 269 287 318 322 350 370 394 406 436 442 471 481 516 
5 30 45 70 84 118 127 159 167 184 206 230 245 270 288 319 323 351 371 395 407 437 443 472 482 517 
6 31 46 71 85 119 128 140 168 185 207 231 246 271 289 300 324 352 372 396 408 438 444 473 483 518 
7 32 47 72 86 100 129 141 169 186 208 232 247 272 290 301 325 353 373 397 409 439 445 474 484 519 
19 39 52 70 81 110 123 159 163 180 200 224 255 260 284 302 334 342 375 382 401 432 456 465 490 519 
0 20 53 71 82 111 124 140 164 181 201 225 256 261 285 303 335 343 376 383 402 433 457 466 491 500 
1 21 54 72 83 112 125 141 165 182 202 226 257 262 286 304 336 344 377 384 403 434 458 467 492 501 
2 22 55 73 84 113 126 142 166 183 203 227 258 263 287 305 337 345 378 385 404 435 459 468 493 502 
3 23 56 74 85 114 127 143 167 184 204 228 259 264 288 306 338 346 379 386 405 436 440 469 494 503 
4 24 57 75 86 115 128 144 168 185 205 229 240 265 289 307 339 347 360 387 406 437 441 470 495 504 
5 25 58 76 87 116 129 145 169 186 206 230 241 266 290 308 320 348 361 388 407 438 442 471 496 505 
6 26 59 77 88 117 130 146 170 187 207 231 242 267 291 309 321 349 362 389 408 439 443 472 497 506 
7 27 40 78 89 118 131 147 171 188 208 232 243 268 292 310 322 350 363 390 409 420 444 473 498 507 
8 28 41 79 90 119 132 148 172 189 209 233 244 269 293 311 323 351 364 391 410 421 445 474 499 508 
9 29 42 60 91 100 133 149 173 190 210 234 245 270 294 312 324 352 365 392 411 422 446 475 480 509 
10 30 43 61 92 101 134 150 174 191 211 235 246 271 295 313 325 353 366 393 412 423 447 476 481 510 
11 31 44 62 93 102 135 151 175 192 212 236 247 272 296 314 326 354 367 394 413 424 448 477 482 511 
12 32 45 63 94 103 136 152 176 193 213 237 248 273 297 315 327 355 368 395 414 425 449 478 483 512 
13 33 46 64 95 104 137 153 177 194 214 238 249 274 298 316 328 356 369 396 415 426 450 479 484 513 
14 34 47 65 96 105 138 154 178 195 215 239 250 275 299 317 329 357 370 397 416 427 451 460 485 514 
15 35 48 66 97 106 139 155 179 196 216 220 251 276 280 318 330 358 371 398 417 428 452 461 486 515 
16 36 49 67 98 107 120 156 160 197 217 221 252 277 281 319 331 359 372 399 418 429 453 462 487 516 
17 37 50 68 99 108 121 157 161 198 218 222 253 278 282 300 332 340 373 380 419 430 454 463 488 517 
18 38 51 69 80 109 122 158 162 199 219 223 254 279 283 301 333 341 374 381 400 431 455 464 489 518 
16 36 52 61 89 108 130 151 178 189 201 234 241 264 284 319 321 340 379 382 412 423 441 477 485 513 
17 37 53 62 90 109 131 152 179 190 202 235 242 265 285 300 322 341 360 383 413 424 442 478 486 514 
18 38 54 63 91 110 132 153 160 191 203 236 243 266 286 301 323 342 361 384 414 425 443 479 487 515 
19 39 55 64 92 111 133 154 161 192 204 237 244 267 287 302 324 343 362 385 415 426 444 460 488 516 
0 20 56 65 93 112 134 155 162 193 205 238 245 268 288 303 325 344 363 386 416 427 445 461 489 517 
1 21 57 66 94 113 135 156 163 194 206 239 246 269 289 304 326 345 364 387 417 428 446 462 490 518 
2 22 58 67 95 114 136 157 164 195 207 220 247 270 290 305 327 346 365 388 418 429 447 463 491 519 
3 23 59 68 96 115 137 158 165 196 208 221 248 271 291 306 328 347 366 389 419 430 448 464 492 500 
4 24 40 69 97 116 138 159 166 197 209 222 249 272 292 307 329 348 367 390 400 431 449 465 493 501 
5 25 41 70 98 117 139 140 167 198 210 223 250 273 293 308 330 349 368 391 401 432 450 466 494 502 
6 26 42 71 99 118 120 141 168 199 211 224 251 274 294 309 331 350 369 392 402 433 451 467 495 503 
7 27 43 72 80 119 121 142 169 180 212 225 252 275 295 310 332 351 370 393 403 434 452 468 496 504 
8 28 44 73 81 100 122 143 170 181 213 226 253 276 296 311 333 352 371 394 404 435 453 469 497 505 
9 29 45 74 82 101 123 144 171 182 214 227 254 277 297 312 334 353 372 395 405 436 454 470 498 506 
10 30 46 75 83 102 124 145 172 183 215 228 255 278 298 313 335 354 373 396 406 437 455 471 499 507 
11 31 47 76 84 103 125 146 173 184 216 229 256 279 299 314 336 355 374 397 407 438 456 472 480 508 
12 32 48 77 85 104 126 147 174 185 217 230 257 260 280 315 337 356 375 398 408 439 457 473 481 509 
13 33 49 78 86 105 127 148 175 186 218 231 258 261 281 316 338 357 376 399 409 420 458 474 482 510 
14 34 50 79 87 106 128 149 176 187 219 232 259 262 282 317 339 358 377 380 410 421 459 475 483 511 
15 35 51 60 88 107 129 150 177 188 200 233 240 263 283 318 320 359 378 381 411 422 440 476 484 512 
6 31 58 76 88 111 122 153 163 181 201 233 252 269 295 310 333 354 365 390 403 423 447 462 499 509 
7 32 59 77 89 112 123 154 164 182 202 234 253 270 296 311 334 355 366 391 404 424 448 463 480 510 
8 33 40 78 90 113 124 155 165 183 203 235 254 271 297 312 335 356 367 392 405 425 449 464 481 511 
9 34 41 79 91 114 125 156 166 184 204 236 255 272 298 313 336 357 368 393 406 426 450 465 482 512 
10 35 42 60 92 115 126 157 167 185 205 237 256 273 299 314 337 358 369 394 407 427 451 466 483 513 
11 36 43 61 93 116 127 158 168 186 206 238 257 274 280 315 338 359 370 395 408 428 452 467 484 514 
12 37 44 62 94 117 128 159 169 187 207 239 258 275 281 316 339 340 371 396 409 429 453 468 485 515 
13 38 45 63 95 118 129 140 170 188 208 220 259 276 282 317 320 341 372 397 410 430 454 469 486 516 
14 39 46 64 96 119 130 141 171 189 209 221 240 277 283 318 321 342 373 398 411 431 455 470 487 517 
15 20 47 65 97 100 131 142 172 190 210 222 241 278 284 319 322 343 374 399 412 432 456 471 488 518 
16 21 48 66 98 101 132 143 173 191 211 223 242 279 285 300 323 344 375 380 413 433 457 472 489 519 
17 22 49 67 99 102 133 144 174 192 212 224 243 260 286 301 324 345 376 381 414 434 458 473 490 500 
18 23 50 68 80 103 134 145 175 193 213 225 244 261 287 302 325 346 377 382 415 435 459 474 491 501 
19 24 51 69 81 104 135 146 176 194 214 226 245 262 288 303 326 347 378 383 416 436 440 475 492 502 
0 25 52 70 82 105 136 147 177 195 215 227 246 263 289 304 327 348 379 384 417 437 441 476 493 503 
1 26 53 71 83 106 137 148 178 196 216 228 247 264 290 305 328 349 360 385 418 438 442 477 494 504 
2 27 54 72 84 107 138 149 179 197 217 229 248 265 291 306 329 350 361 386 419 439 443 478 495 505 
3 28 55 73 85 108 139 150 160 198 218 230 249 266 292 307 330 351 362 387 400 420 444 479 496 506 
4 29 56 74 86 109 120 151 161 199 219 231 250 267 293 308 331 352 363 388 401 421 445 460 497 507 
5 30 57 75 87 110 121 152 162 180 200 232 251 268 294 309 332 353 364 389 402 422 446 461 498 508 
16 30 44 78 80 110 120 149 177 181 200 239 251 263 291 309 327 340 368 399 411 421 450 469 481 506 
17 31 45 79 81 111 121 150 178 182 201 220 252 264 292 310 328 341 369 380 412 422 451 470 482 507 
18 32 46 60 82 112 122 151 179 183 202 221 253 265 293 311 329 342 370 381 413 423 452 471 483 508 
19 33 47 61 83 113 123 152 160 184 203 222 254 266 294 312 330 343 371 382 414 424 453 472 484 509 
0 34 48 62 84 114 124 153 161 185 204 223 255 267 295 313 331 344 372 383 415 425 454 473 485 510 
1 35 49 63 85 115 125 154 162 186 205 224 256 268 296 314 332 345 373 384 416 426 455 474 486 511 
2 36 50 64 86 116 126 155 163 187 206 225 257 269 297 315 333 346 374 385 417 427 456 475 487 512 
3 37 51 65 87 117 127 156 164 188 207 226 258 270 298 316 334 347 375 386 418 428 457 476 488 513 
4 38 52 66 88 118 128 157 165 189 208 227 259 271 299 317 335 348 376 387 419 429 458 477 489 514 
5 39 53 67 89 119 129 158 166 190 209 228 240 272 280 318 336 349 377 388 400 430 459 478 490 515 
6 20 54 68 90 100 130 159 167 191 210 229 241 273 281 319 337 350 378 389 401 431 440 479 491 516 
7 21 55 69 91 101 131 140 168 192 211 230 242 274 282 300 338 351 379 390 402 432 441 460 492 517 
8 22 56 70 92 102 132 141 169 193 212 231 243 275 283 301 339 352 360 391 403 433 442 461 493 518 
9 23 57 71 93 103 133 142 170 194 213 232 244 276 284 302 320 353 361 392 404 434 443 462 494 519 
10 24 58 72 94 104 134 143 171 195 214 233 245 277 285 303 321 354 362 393 405 435 444 463 495 500 
11 25 59 73 95 105 135 144 172 196 215 234 246 278 286 304 322 355 363 394 406 436 445 464 496 501 
12 26 40 74 96 106 136 145 173 197 216 235 247 279 287 305 323 356 364 395 407 437 446 465 497 502 
13 27 41 75 97 107 137 146 174 198 217 236 248 260 288 306 324 357 365 396 408 438 447 466 498 503 
14 28 42 76 98 108 138 147 175 199 218 237 249 261 289 307 325 358 366 397 409 439 448 467 499 504 
15 29 43 77 99 109 139 148 176 180 219 238 250 262 290 308 326 359 367 398 410 420 449 468 480 505 
12 26 59 61 88 112 129 149 160 182 213 220 251 270 281 302 339 349 378 390 408 422 444 476 499 505 
13 27 40 62 89 113 130 150 161 183 214 221 252 271 282 303 320 350 379 391 409 423 445 477 480 506 
14 28 41 63 90 114 131 151 162 184 215 222 253 272 283 304 321 351 360 392 410 424 446 478 481 507 
15 29 42 64 91 115 132 152 163 185 216 223 254 273 284 305 322 352 361 393 411 425 447 479 482 508 
16 30 43 65 92 116 133 153 164 186 217 224 255 274 285 306 323 353 362 394 412 426 448 460 483 509 
17 31 44 66 93 117 134 154 165 187 218 225 256 275 286 307 324 354 363 395 413 427 449 461 484 510 
18 32 45 67 94 118 135 155 166 188 219 226 257 276 287 308 325 355 364 396 414 428 450 462 485 511 
19 33 46 68 95 119 136 156 167 189 200 227 258 277 288 309 326 356 365 397 415 429 451 463 486 512 
0 34 47 69 96 100 137 157 168 190 201 228 259 278 289 310 327 357 366 398 416 430 452 464 487 513 
1 35 48 70 97 101 138 158 169 191 202 229 240 279 290 311 328 358 367 399 417 431 453 465 488 514 
2 36 49 71 98 102 139 159 170 192 203 230 241 260 291 312 329 359 368 380 418 432 454 466 489 515 
3 37 50 72 99 103 120 140 171 193 204 231 242 261 292 313 330 340 369 381 419 433 455 467 490 516 
4 38 51 73 80 104 121 141 172 194 205 232 243 262 293 314 331 341 370 382 400 434 456 468 491 517 
5 39 52 74 81 105 122 142 173 195 206 233 244 263 294 315 332 342 371 383 401 435 457 469 492 518 
6 20 53 75 82 106 123 143 174 196 207 234 245 264 295 316 333 343 372 384 402 436 458 470 493 519 
7 21 54 76 83 107 124 144 175 197 208 235 246 265 296 317 334 344 373 385 403 437 459 471 494 500 
8 22 55 77 84 108 125 145 176 198 209 236 247 266 297 318 335 345 374 386 404 438 440 472 495 501 
9 23 56 78 85 109 126 146 177 199 210 237 248 267 298 319 336 346 375 387 405 439 441 473 496 502 
10 24 57 79 86 110 127 147 178 180 211 238 249 268 299 300 337 347 376 388 406 420 442 474 497 503 
11 25 58 60 87 111 128 148 179 181 212 239 250 269 280 301 338 348 377 389 407 421 443 475 498 504 
7 22 51 69 86 113 128 145 175 186 207 234 256 267 296 319 328 358 366 399 400 435 449 475 499 507 
8 23 52 70 87 114 129 146 176 187 208 235 257 268 297 300 329 359 367 380 401 436 450 476 480 508 
9 24 53 71 88 115 130 147 177 188 209 236 258 269 298 301 330 340 368 381 402 437 451 477 481 509 
10 25 54 72 89 116 131 148 178 189 210 237 259 270 299 302 331 341 369 382 403 438 452 478 482 510 
11 26 55 73 90 117 132 149 179 190 211 238 240 271 280 303 332 342 370 383 404 439 453 479 483 511 
12 27 56 74 91 118 133 150 160 191 212 239 241 272 281 304 333 343 371 384 405 420 454 460 484 512 
13 28 57 75 92 119 134 151 161 192 213 220 242 273 282 305 334 344 372 385 406 421 455 461 485 513 
14 29 58 76 93 100 135 152 162 193 214 221 243 274 283 306 335 345 373 386 407 422 456 462 486 514 
15 30 59 77 94 101 136 153 163 194 215 222 244 275 284 307 336 346 374 387 408 423 457 463 487 515 
16 31 40 78 95 102 137 154 164 195 216 223 245 276 285 308 337 347 375 388 409 424 458 464 488 516 
17 32 41 79 96 103 138 155 165 196 217 224 246 277 286 309 338 348 376 389 410 425 459 465 489 517 
18 33 42 60 97 104 139 156 166 197 218 225 247 278 287 310 339 349 377 390 411 426 440 466 490 518 
19 34 43 61 98 105 120 157 167 198 219 226 248 279 288 311 320 350 378 391 412 427 441 467 491 519 
0 35 44 62 99 106 121 158 168 199 200 227 249 260 289 312 321 351 379 392 413 428 442 468 492 500 
1 36 45 63 80 107 122 159 169 180 201 228 250 261 290 313 322 352 360 393 414 429 443 469 493 501 
2 37 46 64 81 108 123 140 170 181 202 229 251 262 291 314 323 353 361 394 415 430 444 470 494 502 
3 38 47 65 82 109 124 141 171 182 203 230 252 263 292 315 324 354 362 395 416 431 445 471 495 503 
4 39 48 66 83 110 125 142 172 183 204 231 253 264 293 316 325 355 363 396 417 432 446 472 496 504 
5 20 49 67 84 111 126 143 173 184 205 232 254 265 294 317 326 356 364 397 418 433 447 473 497 505 
6 21 50 68 85 112 127 144 174 185 206 233 255 266 295 318 327 357 365 398 419 434 448 474 498 506 
8 20 57 67 95 117 139 146 176 198 219 234 253 271 281 300 338 354 378 392 410 426 440 469 498 500 
9 21 58 68 96 118 120 147 177 199 200 235 254 272 282 301 339 355 379 393 411 427 441 470 499 501 
10 22 59 69 97 119 121 148 178 180 201 236 255 273 283 302 320 356 360 394 412 428 442 471 480 502 
11 23 40 70 98 100 122 149 179 181 202 237 256 274 284 303 321 357 361 395 413 429 443 472 481 503 
12 24 41 71 99 101 123 150 160 182 203 238 257 275 285 304 322 358 362 396 414 430 444 473 482 504 
13 25 42 72 80 102 124 151 161 183 204 239 258 276 286 305 323 359 363 397 415 431 445 474 483 505 
14 26 43 73 81 103 125 152 162 184 205 220 259 277 287 306 324 340 364 398 416 432 446 475 484 506 
15 27 44 74 82 104 126 153 163 185 206 221 240 278 288 307 325 341 365 399 417 433 447 476 485 507 
16 28 45 75 83 105 127 154 164 186 207 222 241 279 289 308 326 342 366 380 418 434 448 477 486 508 
17 29 46 76 84 106 128 155 165 187 208 223 242 260 290 309 327 343 367 381 419 435 449 478 487 509 
18 30 47 77 85 107 129 156 166 188 209 224 243 261 291 310 328 344 368 382 400 436 450 479 488 510 
19 31 48 78 86 108 130 157 167 189 210 225 244 262 292 311 329 345 369 383 401 437 451 460 489 511 
0 32 49 79 87 109 131 158 168 190 211 226 245 263 293 312 330 346 370 384 402 438 452 461 490 512 
1 33 50 60 88 110 132 159 169 191 212 227 246 264 294 313 331 347 371 385 403 439 453 462 491 513 
2 34 51 61 89 111 133 140 170 192 213 228 247 265 295 314 332 348 372 386 404 420 454 463 492 514 
3 35 52 62 90 112 134 141 171 193 214 229 248 266 296 315 333 349 373 387 405 421 455 464 493 515 
4 36 53 63 91 113 135 142 172 194 215 230 249 267 297 316 334 350 374 388 406 422 456 465 494 516 
5 37 54 64 92 114 136 143 173 195 216 231 250 268 298 317 335 351 375 389 407 423 457 466 495 517 
6 38 55 65 93 115 137 144 174 196 217 232 251 269 299 318 336 352 376 390 408 424 458 467 496 518 
7 39 56 66 94 116 138 145 175 197 218 233 252 270 280 319 337 353 377 391 409 425 459 468 497 519 
14 37 45 70 82 113 123 159 170 195 206 223 254 263 298 311 337 342 372 395 412 428 459 470 490 509 
15 38 46 71 83 114 124 140 171 196 207 224 255 264 299 312 338 343 373 396 413 429 440 471 491 510 
16 39 47 72 84 115 125 141 172 197 208 225 256 265 280 313 339 344 374 397 414 430 441 472 492 511 
17 20 48 73 85 116 126 142 173 198 209 226 257 266 281 314 320 345 375 398 415 431 442 473 493 512 
18 21 49 74 86 117 127 143 174 199 210 227 258 267 282 315 321 346 376 399 416 432 443 474 494 513 
19 22 50 75 87 118 128 144 175 180 211 228 259 268 283 316 322 347 377 380 417 433 444 475 495 514 
0 23 51 76 88 119 129 145 176 181 212 229 240 269 284 317 323 348 378 381 418 434 445 476 496 515 
1 24 52 77 89 100 130 146 177 182 213 230 241 270 285 318 324 349 379 382 419 435 446 477 497 516 
2 25 53 78 90 101 131 147 178 183 214 231 242 271 286 319 325 350 360 383 400 436 447 478 498 517 
3 26 54 79 91 102 132 148 179 184 215 232 243 272 287 300 326 351 361 384 401 437 448 479 499 518 
4 27 55 60 92 103 133 149 160 185 216 233 244 273 288 301 327 352 362 385 402 438 449 460 480 519 
5 28 56 61 93 104 134 150 161 186 217 234 245 274 289 302 328 353 363 386 403 439 450 461 481 500 
6 29 57 62 94 105 135 151 162 187 218 235 246 275 290 303 329 354 364 387 404 420 451 462 482 501 
7 30 58 63 95 106 136 152 163 188 219 236 247 276 291 304 330 355 365 388 405 421 452 463 483 502 
8 31 59 64 96 107 137 153 164 189 200 237 248 277 292 305 331 356 366 389 406 422 453 464 484 503 
9 32 40 65 97 108 138 154 165 190 201 238 249 278 293 306 332 357 367 390 407 423 454 465 485 504 
10 33 41 66 98 109 139 155 166 191 202 239 250 279 294 307 333 358 368 391 408 424 455 466 486 505 
11 34 42 67 99 110 120 156 167 192 203 220 251 260 295 308 334 359 369 392 409 425 456 467 487 506 
12 35 43 68 80 111 121 157 168 193 204 221 252 261 296 309 335 340 370 393 410 426 457 468 488 507 
13 36 44 69 81 112 122 158 169 194 205 222 253 262 297 310 336 341 371 394 411 427 458 469 489 508 
9 30 48 65 80 103 139 158 166 194 209 220 243 272 288 310 332 340 370 381 401 437 443 473 493 505 
10 31 49 66 81 104 120 159 167 195 210 221 244 273 289 311 333 341 371 382 402 438 444 474 494 506 
11 32 50 67 82 105 121 140 168 196 211 222 245 274 290 312 334 342 372 383 403 439 445 475 495 507 
12 33 51 68 83 106 122 141 169 197 212 223 246 275 291 313 335 343 373 384 404 420 446 476 496 508 
13 34 52 69 84 107 123 142 170 198 213 224 247 276 292 314 336 344 374 385 405 421 447 477 497 509 
14 35 53 70 85 108 124 143 171 199 214 225 248 277 293 315 337 345 375 386 406 422 448 478 498 510 
15 36 54 71 86 109 125 144 172 180 215 226 249 278 294 316 338 346 376 387 407 423 449 479 499 511 
16 37 55 72 87 110 126 145 173 181 216 227 250 279 295 317 339 347 377 388 408 424 450 460 480 512 
17 38 56 73 88 111 127 146 174 182 217 228 251 260 296 318 320 348 378 389 409 425 451 461 481 513 
18 39 57 74 89 112 128 147 175 183 218 229 252 261 297 319 321 349 379 390 410 426 452 462 482 514 
19 20 58 75 90 113 129 148 176 184 219 230 253 262 298 300 322 350 360 391 411 427 453 463 483 515 
0 21 59 76 91 114 130 149 177 185 200 231 254 263 299 301 323 351 361 392 412 428 454 464 484 516 
1 22 40 77 92 115 131 150 178 186 201 232 255 264 280 302 324 352 362 393 413 429 455 465 485 517 
2 23 41 78 93 116 132 151 179 187 202 233 256 265 281 303 325 353 363 394 414 430 456 466 486 518 
3 24 42 79 94 117 133 152 160 188 203 234 257 266 282 304 326 354 364 395 415 431 457 467 487 519 
4 25 43 60 95 118 134 153 161 189 204 235 258 267 283 305 327 355 365 396 416 432 458 468 488 500 
5 26 44 61 96 119 135 154 162 190 205 236 259 268 284 306 328 356 366 397 417 433 459 469 489 501 
6 27 45 62 97 100 136 155 163 191 206 237 240 269 285 307 329 357 367 398 418 434 440 470 490 502 
7 28 46 63 98 101 137 156 164 192 207 238 241 270 286 308 330 358 368 399 419 435 441 471 491 503 
8 29 47 64 99 102 138 157 165 193 208 239 242 271 287 309 331 359 369 380 400 436 442 472 492 504 
